0 0.0 -0.055602421098443 -0.189064446362907 1.0
0 0.05 -0.111204842196887 -0.378128892725815 1.0
0 0.1 -0.16680726329533 -0.567193339088722 1.0
0 0.15 -0.222409684393773 -0.756257785451629 1.0
0 0.2 -0.278012105492216 -0.945322231814536 1.0
0 0.25 -0.33361452659066 -1.134386678177443 1.0
0 0.3 -0.389216947689103 -1.323451124540351 1.0
0 0.35 -0.444819368787546 -1.512515570903258 1.0
0 0.4 -0.500421789885989 -1.701580017266165 1.0
0 0.45 -0.556024210984433 -1.890644463629072 1.0
0 0.5 -0.611626632082876 -2.07970890999198 1.0
0 0.55 -0.667229053181319 -2.268773356354887 1.0
0 0.6 -0.722831474279762 -2.457837802717794 1.0
0 0.65 -0.778433895378206 -2.646902249080701 1.0
0 0.7 -0.834036316476649 -2.835966695443608 1.0
0 0.75 -0.889638737575092 -3.025031141806516 1.0
0 0.8 -0.945241158673536 -3.214095588169423 1.0
0 0.85 -1.000843579771979 -3.40316003453233 1.0
0 0.9 -1.056446000870422 -3.592224480895237 1.0
0 0.95 -1.112048421968865 -3.781288927258144 1.0
0 1.0 -1.167650843067308 -3.970353373621052 1.0
0 1.05 -1.223253264165752 -4.159417819983959 1.0
0 1.1 -1.278855685264195 -4.348482266346867 1.0
0 1.15 -1.334458106362638 -4.537546712709775 1.0
0 1.2 -1.390060527461081 -4.726611159072682 1.0
0 1.25 -1.445662948559524 -4.91567560543559 1.0
0 1.3 -1.501265369657967 -5.104740051798498 1.0
0 1.350000000000001 -1.556867790756411 -5.293804498161405 1.0
0 1.400000000000001 -1.612470211854854 -5.482868944524313 1.0
0 1.450000000000001 -1.668072632953297 -5.67193339088722 1.0
0 1.500000000000001 -1.72367505405174 -5.860997837250128 1.0
0 1.550000000000001 -1.779277475150183 -6.050062283613036 1.0
0 1.600000000000001 -1.834879896248626 -6.239126729975943 1.0
0 1.650000000000001 -1.89048231734707 -6.428191176338851 1.0
0 1.700000000000001 -1.946084738445513 -6.617255622701759 1.0
0 1.750000000000001 -2.001687159543956 -6.806320069064666 1.0
0 1.800000000000001 -2.057289580642399 -6.995384515427574 1.0
0 1.850000000000001 -2.112892001740842 -7.184448961790482 1.0
0 1.900000000000001 -2.168494422839285 -7.373513408153389 1.0
0 1.950000000000001 -2.224096843937728 -7.562577854516297 1.0
0 2.000000000000001 -2.279699265036172 -7.751642300879205 1.0
0 2.050000000000001 -2.335301686134615 -7.940706747242112 1.0
0 2.100000000000001 -2.390904107233058 -8.12977119360502 1.0
0 2.15 -2.446506528331501 -8.318835639967928 1.0
0 2.2 -2.502108949429944 -8.507900086330835 1.0
0 2.25 -2.557711370528387 -8.696964532693743 1.0
0 2.3 -2.613313791626831 -8.88602897905665 1.0
0 2.35 -2.668916212725274 -9.075093425419558 1.0
0 2.399999999999999 -2.724518633823717 -9.264157871782466 1.0
0 2.449999999999999 -2.78012105492216 -9.453222318145373 1.0
0 2.499999999999999 -2.835723476020603 -9.642286764508281 1.0
0 2.549999999999999 -2.891325897119046 -9.831351210871189 1.0
0 2.599999999999999 -2.946928318217489 -10.020415657234096 1.0
0 2.649999999999999 -3.002530739315933 -10.209480103597004 1.0
0 2.699999999999998 -3.058133160414376 -10.398544549959912 1.0
0 2.749999999999998 -3.113735581512819 -10.587608996322819 1.0
0 2.799999999999998 -3.169338002611262 -10.776673442685727 1.0
0 2.849999999999998 -3.224940423709705 -10.965737889048635 1.0
0 2.899999999999998 -3.280542844808148 -11.154802335411542 1.0
0 2.949999999999998 -3.336145265906592 -11.34386678177445 1.0
0 2.999999999999997 -3.391747687005035 -11.532931228137357 1.0
0 3.049999999999997 -3.447350108103478 -11.721995674500265 1.0
0 3.099999999999997 -3.502952529201921 -11.911060120863173 1.0
0 3.149999999999997 -3.558554950300364 -12.10012456722608 1.0
0 3.199999999999997 -3.614157371398807 -12.289189013588988 1.0
0 3.249999999999996 -3.66975979249725 -12.478253459951896 1.0
0 3.299999999999996 -3.725362213595694 -12.667317906314803 1.0
0 3.349999999999996 -3.780964634694137 -12.856382352677711 1.0
0 3.399999999999996 -3.83656705579258 -13.045446799040619 1.0
0 3.449999999999996 -3.892169476891023 -13.234511245403526 1.0
0 3.499999999999996 -3.947771897989466 -13.423575691766434 1.0
0 3.549999999999995 -4.00337431908791 -13.612640138129342 1.0
0 3.599999999999995 -4.058976740186353 -13.801704584492249 1.0
0 3.649999999999995 -4.114579161284797 -13.990769030855157 1.0
0 3.699999999999995 -4.170181582383241 -14.179833477218065 1.0
0 3.749999999999995 -4.225784003481684 -14.368897923580972 1.0
0 3.799999999999994 -4.281386424580128 -14.55796236994388 1.0
0 3.849999999999994 -4.336988845678571 -14.747026816306787 1.0
0 3.899999999999994 -4.392591266777015 -14.936091262669695 1.0
0 3.949999999999994 -4.448193687875459 -15.125155709032603 1.0
0 3.999999999999994 -4.503796108973902 -15.31422015539551 1.0
0 4.049999999999994 -4.559398530072346 -15.503284601758418 1.0
0 4.099999999999993 -4.615000951170789 -15.692349048121326 1.0
0 4.149999999999993 -4.670603372269233 -15.881413494484233 1.0
0 4.199999999999993 -4.726205793367677 -16.070477940847141 1.0
0 4.249999999999993 -4.78180821446612 -16.259542387210047 1.0
0 4.299999999999993 -4.837410635564564 -16.448606833572953 1.0
0 4.349999999999993 -4.893013056663007 -16.637671279935859 1.0
0 4.399999999999992 -4.948615477761451 -16.826735726298764 1.0
0 4.449999999999992 -5.004217898859895 -17.01580017266167 1.0
0 4.499999999999992 -5.059820319958338 -17.204864619024576 1.0
0 4.549999999999992 -5.115422741056782 -17.393929065387482 1.0
0 4.599999999999992 -5.171025162155225 -17.582993511750388 1.0
0 4.649999999999991 -5.226627583253669 -17.772057958113294 1.0
0 4.699999999999991 -5.282230004352113 -17.9611224044762 1.0
0 4.749999999999991 -5.337832425450556 -18.150186850839106 1.0
0 4.799999999999991 -5.393434846549 -18.339251297202011 1.0
0 4.849999999999991 -5.449037267647443 -18.528315743564917 1.0
0 4.899999999999991 -5.504639688745887 -18.717380189927823 1.0
0 4.94999999999999 -5.560242109844331 -18.906444636290729 1.0
0 4.99999999999999 -5.615844530942774 -19.095509082653635 1.0
