0 0.0 -0.194456447002586 -0.166098582135399 1.0
1 0.0 0.228145677203242 5.161064784048736 1.0
2 0.0 -0.171218825428989 10.08195089292547 1.0
3 0.0 -0.154825673524853 15.048259025546404 1.0
4 0.0 5.110011254229895 -0.226013246500323 1.0
5 0.0 4.909555529267528 5.108926181184986 1.0
6 0.0 4.9751226137765 9.8406882355641 1.0
7 0.0 5.236336436343155 14.755206083978559 1.0
8 0.0 9.905392906931953 0.19021900800541 1.0
9 0.0 10.088777411072243 4.863031272891272 1.0
10 0.0 9.826185730448342 10.054692278725517 1.0
11 0.0 10.22650310582431 15.06353382239274 1.0
12 0.0 14.924889711863942 -0.233330957821096 1.0
13 0.0 14.992150073552512 5.127609435567539 1.0
14 0.0 15.233039258629168 10.07965744360345 1.0
15 0.0 15.160952347244859 15.080311866829192 1.0
0 0.05 -0.388912894005172 -0.332197164270799 1.0
1 0.05 0.456291354406484 5.322129568097472 1.0
2 0.05 -0.342437650857977 10.163901785850939 1.0
3 0.05 -0.309651347049705 15.096518051092808 1.0
4 0.05 5.22002250845979 -0.452026493000647 1.0
5 0.05 4.819111058535055 5.217852362369971 1.0
6 0.05 4.950245227552999 9.6813764711282 1.0
7 0.05 5.47267287268631 14.510412167957117 1.0
8 0.05 9.810785813863905 0.380438016010819 1.0
9 0.05 10.177554822144486 4.726062545782543 1.0
10 0.05 9.652371460896685 10.109384557451033 1.0
11 0.05 10.453006211648621 15.12706764478548 1.0
12 0.05 14.849779423727885 -0.466661915642192 1.0
13 0.05 14.984300147105024 5.255218871135078 1.0
14 0.05 15.466078517258335 10.1593148872069 1.0
15 0.05 15.321904694489717 15.160623733658383 1.0
0 0.1 -0.583369341007758 -0.498295746406198 1.0
1 0.1 0.684437031609726 5.483194352146207 1.0
2 0.1 -0.513656476286966 10.245852678776409 1.0
3 0.1 -0.464477020574558 15.144777076639212 1.0
4 0.1 5.330033762689685 -0.67803973950097 1.0
5 0.1 4.728666587802583 5.326778543554957 1.0
6 0.1 4.925367841329499 9.5220647066923 1.0
7 0.1 5.709009309029465 14.265618251935676 1.0
8 0.1 9.716178720795858 0.570657024016229 1.0
9 0.1 10.26633223321673 4.589093818673815 1.0
10 0.1 9.478557191345027 10.16407683617655 1.0
11 0.1 10.679509317472931 15.190601467178221 1.0
12 0.1 14.774669135591827 -0.699992873463288 1.0
13 0.1 14.976450220657537 5.382828306702617 1.0
14 0.1 15.699117775887503 10.23897233081035 1.0
15 0.1 15.482857041734576 15.240935600487575 1.0
0 0.15 -0.777825788010344 -0.664394328541597 1.0
1 0.15 0.912582708812968 5.644259136194943 1.0
2 0.15 -0.684875301715954 10.327803571701878 1.0
3 0.15 -0.61930269409941 15.193036102185616 1.0
4 0.15 5.44004501691958 -0.904052986001293 1.0
5 0.15 4.638222117070111 5.435704724739942 1.0
6 0.15 4.900490455105999 9.3627529422564 1.0
7 0.15 5.94534574537262 14.020824335914234 1.0
8 0.15 9.62157162772781 0.760876032021638 1.0
9 0.15 10.355109644288973 4.452125091565087 1.0
10 0.15 9.30474292179337 10.218769114902067 1.0
11 0.15 10.906012423297241 15.254135289570961 1.0
12 0.15 14.699558847455769 -0.933323831284383 1.0
13 0.15 14.968600294210049 5.510437742270156 1.0
14 0.15 15.932157034516671 10.3186297744138 1.0
15 0.15 15.643809388979435 15.321247467316766 1.0
0 0.2 -0.97228223501293 -0.830492910676997 1.0
1 0.2 1.140728386016209 5.805323920243679 1.0
2 0.2 -0.856094127144943 10.409754464627348 1.0
3 0.2 -0.774128367624263 15.24129512773202 1.0
4 0.2 5.550056271149475 -1.130066232501616 1.0
5 0.2 4.547777646337638 5.544630905924928 1.0
6 0.2 4.875613068882498 9.203441177820499 1.0
7 0.2 6.181682181715775 13.776030419892793 1.0
8 0.2 9.526964534659763 0.951095040027047 1.0
9 0.2 10.443887055361216 4.315156364456358 1.0
10 0.2 9.130928652241712 10.273461393627583 1.0
11 0.2 11.132515529121552 15.317669111963701 1.0
12 0.2 14.624448559319712 -1.166654789105479 1.0
13 0.2 14.960750367762561 5.638047177837695 1.0
14 0.2 16.16519629314584 10.39828721801725 1.0
15 0.2 15.804761736224293 15.401559334145958 1.0
0 0.25 -1.166738682015516 -0.996591492812396 1.0
1 0.25 1.368874063219451 5.966388704292415 1.0
2 0.25 -1.027312952573931 10.491705357552817 1.0
3 0.25 -0.928954041149116 15.289554153278424 1.0
4 0.25 5.66006752537937 -1.35607947900194 1.0
5 0.25 4.457333175605166 5.653557087109913 1.0
6 0.25 4.850735682658998 9.044129413384599 1.0
7 0.25 6.41801861805893 13.531236503871352 1.0
8 0.25 9.432357441591716 1.141314048032457 1.0
9 0.25 10.532664466433459 4.17818763734763 1.0
10 0.25 8.957114382690055 10.3281536723531 1.0
11 0.25 11.359018634945862 15.381202934356441 1.0
12 0.25 14.549338271183654 -1.399985746926575 1.0
13 0.25 14.952900441315073 5.765656613405234 1.0
14 0.25 16.398235551775009 10.4779446616207 1.0
15 0.25 15.965714083469152 15.481871200975149 1.0
0 0.3 -1.361195129018102 -1.162690074947795 1.0
1 0.3 1.597019740422693 6.127453488341151 1.0
2 0.3 -1.19853177800292 10.573656250478287 1.0
3 0.3 -1.083779714673968 15.337813178824828 1.0
4 0.3 5.770078779609265 -1.582092725502263 1.0
5 0.3 4.366888704872694 5.762483268294899 1.0
6 0.3 4.825858296435498 8.884817648948699 1.0
7 0.3 6.654355054402085 13.28644258784991 1.0
8 0.3 9.337750348523668 1.331533056037867 1.0
9 0.3 10.621441877505703 4.041218910238902 1.0
10 0.3 8.783300113138397 10.382845951078616 1.0
11 0.3 11.585521740770172 15.444736756749181 1.0
12 0.3 14.474227983047596 -1.633316704747671 1.0
13 0.3 14.945050514867585 5.893266048972773 1.0
14 0.3 16.631274810404179 10.55760210522415 1.0
15 0.3 16.12666643071401 15.562183067804341 1.0
0 0.35 -1.555651576020688 -1.328788657083195 1.0
1 0.35 1.825165417625935 6.288518272389886 1.0
2 0.35 -1.369750603431908 10.655607143403756 1.0
3 0.35 -1.238605388198821 15.386072204371231 1.0
4 0.35 5.88009003383916 -1.808105972002586 1.0
5 0.35 4.276444234140222 5.871409449479884 1.0
6 0.35 4.800980910211997 8.725505884512799 1.0
7 0.35 6.89069149074524 13.041648671828469 1.0
8 0.35 9.243143255455621 1.521752064043276 1.0
9 0.35 10.710219288577946 3.904250183130173 1.0
10 0.35 8.609485843586739 10.437538229804133 1.0
11 0.35 11.812024846594483 15.508270579141922 1.0
12 0.35 14.399117694911538 -1.866647662568767 1.0
13 0.35 14.937200588420097 6.020875484540312 1.0
14 0.35 16.864314069033348 10.6372595488276 1.0
15 0.35 16.287618777958869 15.642494934633532 1.0
0 0.4 -1.750108023023274 -1.494887239218594 1.0
1 0.4 2.053311094829177 6.449583056438622 1.0
2 0.4 -1.540969428860897 10.737558036329226 1.0
3 0.4 -1.393431061723673 15.434331229917635 1.0
4 0.4 5.990101288069055 -2.03411921850291 1.0
5 0.4 4.185999763407749 5.98033563066487 1.0
6 0.4 4.776103523988497 8.566194120076899 1.0
7 0.4 7.127027927088395 12.796854755807027 1.0
8 0.4 9.148536162387574 1.711971072048686 1.0
9 0.4 10.798996699650189 3.767281456021444 1.0
10 0.4 8.435671574035082 10.49223050852965 1.0
11 0.4 12.038527952418793 15.571804401534662 1.0
12 0.4 14.324007406775481 -2.099978620389863 1.0
13 0.4 14.92935066197261 6.148484920107851 1.0
14 0.4 17.097353327662518 10.716916992431051 1.0
15 0.4 16.448571125203728 15.722806801462724 1.0
0 0.45 -1.94456447002586 -1.660985821353993 1.0
1 0.45 2.281456772032419 6.610647840487358 1.0
2 0.45 -1.712188254289886 10.819508929254695 1.0
3 0.45 -1.548256735248526 15.482590255464039 1.0
4 0.45 6.10011254229895 -2.260132465003233 1.0
5 0.45 4.095555292675277 6.089261811849855 1.0
6 0.45 4.751226137764997 8.406882355640999 1.0
7 0.45 7.36336436343155 12.552060839785586 1.0
8 0.45 9.053929069319526 1.902190080054095 1.0
9 0.45 10.887774110722432 3.630312728912716 1.0
10 0.45 8.261857304483424 10.546922787255166 1.0
11 0.45 12.265031058243103 15.635338223927402 1.0
12 0.45 14.248897118639423 -2.333309578210959 1.0
13 0.45 14.921500735525122 6.27609435567539 1.0
14 0.45 17.330392586291687 10.796574436034501 1.0
15 0.45 16.609523472448586 15.803118668291916 1.0
0 0.5 -2.139020917028446 -1.827084403489392 1.0
1 0.5 2.509602449235661 6.771712624536094 1.0
2 0.5 -1.883407079718874 10.901459822180165 1.0
3 0.5 -1.703082408773378 15.530849281010443 1.0
4 0.5 6.210123796528845 -2.486145711503556 1.0
5 0.5 4.005110821942805 6.198187993034841 1.0
6 0.5 4.726348751541496 8.247570591205099 1.0
7 0.5 7.599700799774705 12.307266923764145 1.0
8 0.5 8.959321976251479 2.092409088059505 1.0
9 0.5 10.976551521794676 3.493344001803987 1.0
10 0.5 8.088043034931767 10.601615065980683 1.0
11 0.5 12.491534164067414 15.698872046320142 1.0
12 0.5 14.173786830503365 -2.566640536032054 1.0
13 0.5 14.913650809077634 6.403703791242929 1.0
14 0.5 17.563431844920856 10.876231879637951 1.0
15 0.5 16.770475819693445 15.883430535121107 1.0
0 0.55 -2.333477364031032 -1.993182985624792 1.0
1 0.55 2.737748126438903 6.93277740858483 1.0
2 0.55 -2.054625905147863 10.983410715105634 1.0
3 0.55 -1.857908082298231 15.579108306556847 1.0
4 0.55 6.32013505075874 -2.712158958003879 1.0
5 0.55 3.914666351210332 6.307114174219826 1.0
6 0.55 4.701471365317996 8.088258826769199 1.0
7 0.55 7.836037236117861 12.062473007742703 1.0
8 0.55 8.864714883183431 2.282628096064915 1.0
9 0.55 11.065328932866919 3.356375274695258 1.0
10 0.55 7.91422876538011 10.6563073447062 1.0
11 0.55 12.718037269891724 15.762405868712882 1.0
12 0.55 14.098676542367308 -2.79997149385315 1.0
13 0.55 14.905800882630146 6.531313226810468 1.0
14 0.55 17.796471103550026 10.955889323241401 1.0
15 0.55 16.931428166938304 15.963742401950299 1.0
0 0.6 -2.527933811033618 -2.159281567760191 1.0
1 0.6 2.965893803642145 7.093842192633566 1.0
2 0.6 -2.225844730576851 11.065361608031104 1.0
3 0.6 -2.012733755823084 15.627367332103251 1.0
4 0.6 6.430146304988635 -2.938172204504203 1.0
5 0.6 3.82422188047786 6.416040355404812 1.0
6 0.6 4.676593979094496 7.928947062333299 1.0
7 0.6 8.072373672461016 11.817679091721262 1.0
8 0.6 8.770107790115384 2.472847104070324 1.0
9 0.6 11.154106343939162 3.219406547586529 1.0
10 0.6 7.740414495828453 10.710999623431716 1.0
11 0.6 12.944540375716034 15.825939691105622 1.0
12 0.6 14.02356625423125 -3.033302451674246 1.0
13 0.6 14.897950956182658 6.658922662378007 1.0
14 0.6 18.029510362179195 11.035546766844851 1.0
15 0.6 17.092380514183162 16.04405426877949 1.0
0 0.65 -2.722390258036203 -2.325380149895591 1.0
1 0.65 3.194039480845387 7.254906976682301 1.0
2 0.65 -2.397063556005839 11.147312500956573 1.0
3 0.65 -2.167559429347936 15.675626357649655 1.0
4 0.65 6.54015755921853 -3.164185451004526 1.0
5 0.65 3.733777409745388 6.524966536589798 1.0
6 0.65 4.651716592870995 7.7696352978974 1.0
7 0.65 8.308710108804171 11.57288517569982 1.0
8 0.65 8.675500697047337 2.663066112075734 1.0
9 0.65 11.242883755011405 3.0824378204778 1.0
10 0.65 7.566600226276797 10.765691902157233 1.0
11 0.65 13.171043481540345 15.889473513498363 1.0
12 0.65 13.948455966095192 -3.266633409495342 1.0
13 0.65 14.89010102973517 6.786532097945546 1.0
14 0.65 18.262549620808365 11.115204210448301 1.0
15 0.65 17.253332861428021 16.124366135608682 1.0
0 0.7 -2.916846705038789 -2.49147873203099 1.0
1 0.7 3.422185158048629 7.415971760731037 1.0
2 0.7 -2.568282381434828 11.229263393882043 1.0
3 0.7 -2.322385102872789 15.723885383196059 1.0
4 0.7 6.650168813448425 -3.390198697504849 1.0
5 0.7 3.643332939012915 6.633892717774783 1.0
6 0.7 4.626839206647495 7.610323533461501 1.0
7 0.7 8.545046545147326 11.328091259678379 1.0
8 0.7 8.580893603979289 2.853285120081143 1.0
9 0.7 11.331661166083649 2.945469093369072 1.0
10 0.7 7.39278595672514 10.820384180882749 1.0
11 0.7 13.397546587364655 15.953007335891103 1.0
12 0.7 13.873345677959135 -3.499964367316438 1.0
13 0.7 14.882251103287683 6.914141533513085 1.0
14 0.7 18.495588879437534 11.194861654051751 1.0
15 0.7 17.414285208672879 16.204678002437873 1.0
0 0.75 -3.111303152041375 -2.657577314166389 1.0
1 0.75 3.650330835251871 7.577036544779773 1.0
2 0.75 -2.739501206863816 11.311214286807513 1.0
3 0.75 -2.477210776397641 15.772144408742463 1.0
4 0.75 6.76018006767832 -3.616211944005173 1.0
5 0.75 3.552888468280443 6.742818898959769 1.0
6 0.75 4.601961820423995 7.451011769025602 1.0
7 0.75 8.781382981490481 11.083297343656938 1.0
8 0.75 8.486286510911242 3.043504128086553 1.0
9 0.75 11.420438577155892 2.808500366260343 1.0
10 0.75 7.218971687173483 10.875076459608266 1.0
11 0.75 13.624049693188965 16.016541158283843 1.0
12 0.75 13.798235389823077 -3.733295325137533 1.0
13 0.75 14.874401176840195 7.041750969080624 1.0
14 0.75 18.728628138066703 11.274519097655201 1.0
15 0.75 17.575237555917738 16.284989869267065 1.0
0 0.8 -3.305759599043961 -2.823675896301789 1.0
1 0.8 3.878476512455113 7.738101328828509 1.0
2 0.8 -2.910720032292804 11.393165179732982 1.0
3 0.8 -2.632036449922494 15.820403434288867 1.0
4 0.8 6.870191321908215 -3.842225190505496 1.0
5 0.8 3.462443997547971 6.851745080144754 1.0
6 0.8 4.577084434200494 7.291700004589702 1.0
7 0.8 9.017719417833636 10.838503427635496 1.0
8 0.8 8.391679417843195 3.233723136091962 1.0
9 0.8 11.509215988228135 2.671531639151614 1.0
10 0.8 7.045157417621827 10.929768738333783 1.0
11 0.8 13.850552799013276 16.080074980676585 1.0
12 0.8 13.723125101687019 -3.966626282958629 1.0
13 0.8 14.866551250392707 7.169360404648163 1.0
14 0.8 18.961667396695873 11.354176541258651 1.0
15 0.8 17.736189903162597 16.365301736096256 1.0
0 0.85 -3.500216046046547 -2.989774478437188 1.0
1 0.85 4.106622189658355 7.899166112877245 1.0
2 0.85 -3.081938857721793 11.475116072658452 1.0
3 0.85 -2.786862123447346 15.868662459835271 1.0
4 0.85 6.98020257613811 -4.068238437005819 1.0
5 0.85 3.371999526815499 6.96067126132974 1.0
6 0.85 4.552207047976994 7.132388240153803 1.0
7 0.85 9.254055854176791 10.593709511614055 1.0
8 0.85 8.297072324775147 3.423942144097372 1.0
9 0.85 11.597993399300378 2.534562912042885 1.0
10 0.85 6.87134314807017 10.984461017059299 1.0
11 0.85 14.077055904837586 16.143608803069327 1.0
12 0.85 13.648014813550962 -4.199957240779725 1.0
13 0.85 14.858701323945219 7.296969840215702 1.0
14 0.85 19.194706655325042 11.433833984862101 1.0
15 0.85 17.897142250407455 16.445613602925448 1.0
0 0.9 -3.694672493049132 -3.155873060572587 1.0
1 0.9 4.334767866861596 8.060230896925981 1.0
2 0.9 -3.253157683150781 11.557066965583921 1.0
3 0.9 -2.941687796972199 15.916921485381675 1.0
4 0.9 7.090213830368005 -4.294251683506142 1.0
5 0.9 3.281555056083026 7.069597442514725 1.0
6 0.9 4.527329661753494 6.973076475717904 1.0
7 0.9 9.490392290519946 10.348915595592613 1.0
8 0.9 8.2024652317071 3.614161152102782 1.0
9 0.9 11.686770810372622 2.397594184934157 1.0
10 0.9 6.697528878518513 11.039153295784816 1.0
11 0.9 14.303559010661896 16.207142625462069 1.0
12 0.9 13.572904525414904 -4.433288198600821 1.0
13 0.9 14.850851397497731 7.424579275783241 1.0
14 0.9 19.427745913954212 11.513491428465551 1.0
15 0.9 18.058094597652314 16.52592546975464 1.0
0 0.95 -3.889128940051718 -3.321971642707986 1.0
1 0.95 4.562913544064838 8.221295680974718 1.0
2 0.95 -3.424376508579769 11.639017858509391 1.0
3 0.95 -3.096513470497051 15.965180510928079 1.0
4 0.95 7.2002250845979 -4.520264930006466 1.0
5 0.95 3.191110585350554 7.178523623699711 1.0
6 0.95 4.502452275529993 6.813764711282005 1.0
7 0.95 9.726728726863101 10.104121679571172 1.0
8 0.95 8.107858138639052 3.804380160108191 1.0
9 0.95 11.775548221444865 2.260625457825428 1.0
10 0.95 6.523714608966857 11.093845574510333 1.0
11 0.95 14.530062116486206 16.270676447854811 1.0
12 0.95 13.497794237278846 -4.666619156421917 1.0
13 0.95 14.843001471050243 7.55218871135078 1.0
14 0.95 19.660785172583381 11.593148872069001 1.0
15 0.95 18.219046944897173 16.606237336583831 1.0
0 1.0 -4.083585387054304 -3.488070224843386 1.0
1 1.0 4.791059221268079 8.382360465023455 1.0
2 1.0 -3.595595334008758 11.72096875143486 1.0
3 1.0 -3.251339144021904 16.013439536474483 1.0
4 1.0 7.310236338827795 -4.746278176506789 1.0
5 1.0 3.100666114618082 7.287449804884696 1.0
6 1.0 4.477574889306493 6.654452946846106 1.0
7 1.0 9.963065163206256 9.859327763549731 1.0
8 1.0 8.013251045571005 3.994599168113601 1.0
9 1.0 11.864325632517108 2.123656730716699 1.0
10 1.0 6.3499003394152 11.148537853235849 1.0
11 1.0 14.756565222310517 16.334210270247553 1.0
12 1.0 13.422683949142789 -4.899950114243013 1.0
13 1.0 14.835151544602756 7.679798146918319 1.0
14 1.0 19.893824431212551 11.672806315672451 1.0
15 1.0 18.379999292142031 16.686549203413023 1.0
0 1.05 -4.27804183405689 -3.654168806978785 1.0
1 1.05 5.019204898471321 8.543425249072191 1.0
2 1.05 -3.766814159437746 11.80291964436033 1.0
3 1.05 -3.406164817546756 16.061698562020887 1.0
4 1.05 7.42024759305769 -4.972291423007112 1.0
5 1.05 3.010221643885609 7.396375986069682 1.0
6 1.05 4.452697503082993 6.495141182410206 1.0
7 1.05 10.199401599549411 9.614533847528289 1.0
8 1.05 7.918643952502958 4.18481817611901 1.0
9 1.05 11.953103043589351 1.98668800360797 1.0
10 1.05 6.176086069863543 11.203230131961366 1.0
11 1.05 14.983068328134827 16.397744092640295 1.0
12 1.05 13.347573661006731 -5.133281072064109 1.0
13 1.05 14.827301618155268 7.807407582485858 1.0
14 1.05 20.12686368984172 11.752463759275901 1.0
15 1.05 18.54095163938689 16.766861070242214 1.0
0 1.1 -4.472498281059476 -3.820267389114184 1.0
1 1.1 5.247350575674562 8.704490033120928 1.0
2 1.1 -3.938032984866735 11.884870537285799 1.0
3 1.1 -3.560990491071609 16.10995758756729 1.0
4 1.1 7.530258847287585 -5.198304669507436 1.0
5 1.1 2.919777173153137 7.505302167254667 1.0
6 1.1 4.427820116859492 6.335829417974307 1.0
7 1.1 10.435738035892566 9.369739931506848 1.0
8 1.1 7.82403685943491 4.37503718412442 1.0
9 1.1 12.041880454661595 1.849719276499242 1.0
10 1.1 6.002271800311886 11.257922410686882 1.0
11 1.1 15.209571433959137 16.461277915033037 1.0
12 1.1 13.272463372870673 -5.366612029885204 1.0
13 1.1 14.81945169170778 7.935017018053397 1.0
14 1.1 20.359902948470889 11.832121202879351 1.0
15 1.1 18.701903986631748 16.847172937071406 1.0
0 1.15 -4.666954728062062 -3.986365971249584 1.0
1 1.15 5.475496252877804 8.865554817169665 1.0
2 1.15 -4.109251810295723 11.966821430211269 1.0
3 1.15 -3.715816164596462 16.158216613113694 1.0
4 1.15 7.64027010151748 -5.424317916007759 1.0
5 1.15 2.829332702420665 7.614228348439653 1.0
6 1.15 4.402942730635992 6.176517653538408 1.0
7 1.15 10.672074472235721 9.124946015485406 1.0
8 1.15 7.729429766366863 4.565256192129829 1.0
9 1.15 12.130657865733838 1.712750549390513 1.0
10 1.15 5.82845753076023 11.312614689412399 1.0
11 1.15 15.436074539783448 16.524811737425779 1.0
12 1.15 13.197353084734615 -5.5999429877063 1.0
13 1.15 14.811601765260292 8.062626453620936 1.0
14 1.15 20.592942207100059 11.911778646482801 1.0
15 1.15 18.862856333876607 16.927484803900597 1.0
0 1.2 -4.861411175064648 -4.152464553384983 1.0
1 1.2 5.703641930081045 9.026619601218401 1.0
2 1.2 -4.280470635724712 12.048772323136738 1.0
3 1.2 -3.870641838121314 16.206475638660098 1.0
4 1.2 7.750281355747375 -5.650331162508082 1.0
5 1.2 2.738888231688192 7.723154529624638 1.0
6 1.2 4.378065344412492 6.017205889102509 1.0
7 1.2 10.908410908578876 8.880152099463965 1.0
8 1.2 7.634822673298816 4.755475200135239 1.0
9 1.2 12.219435276806081 1.575781822281784 1.0
10 1.2 5.654643261208573 11.367306968137916 1.0
11 1.2 15.662577645607758 16.588345559818521 1.0
12 1.2 13.122242796598558 -5.833273945527396 1.0
13 1.2 14.803751838812804 8.190235889188475 1.0
14 1.2 20.825981465729228 11.991436090086252 1.0
15 1.2 19.023808681121466 17.007796670729789 1.0
0 1.25 -5.055867622067233 -4.318563135520383 1.0
1 1.25 5.931787607284287 9.187684385267138 1.0
2 1.25 -4.451689461153701 12.130723216062208 1.0
3 1.25 -4.025467511646167 16.254734664206502 1.0
4 1.25 7.86029260997727 -5.876344409008405 1.0
5 1.25 2.64844376095572 7.832080710809624 1.0
6 1.25 4.353187958188991 5.857894124666609 1.0
7 1.25 11.144747344922031 8.635358183442523 1.0
8 1.25 7.540215580230768 4.945694208140648 1.0
9 1.25 12.308212687878324 1.438813095173055 1.0
10 1.25 5.480828991656916 11.421999246863432 1.0
11 1.25 15.889080751432068 16.651879382211263 1.0
12 1.25 13.0471325084625 -6.066604903348492 1.0
13 1.25 14.795901912365316 8.317845324756014 1.0
14 1.25 21.059020724358398 12.071093533689702 1.0
15 1.25 19.184761028366324 17.088108537558981 1.0
0 1.3 -5.250324069069819 -4.484661717655782 1.0
1 1.3 6.159933284487528 9.348749169315875 1.0
2 1.3 -4.62290828658269 12.212674108987677 1.0
3 1.3 -4.18029318517102 16.302993689752906 1.0
4 1.3 7.970303864207165 -6.102357655508729 1.0
5 1.3 2.557999290223248 7.94100689199461 1.0
6 1.3 4.328310571965491 5.69858236023071 1.0
7 1.3 11.381083781265186 8.390564267421082 1.0
8 1.3 7.445608487162721 5.135913216146058 1.0
9 1.3 12.396990098950567 1.301844368064327 1.0
10 1.3 5.30701472210526 11.476691525588949 1.0
11 1.3 16.115583857256379 16.715413204604005 1.0
12 1.3 12.972022220326442 -6.299935861169588 1.0
13 1.3 14.788051985917829 8.445454760323553 1.0
14 1.3 21.292059982987567 12.150750977293152 1.0
15 1.3 19.345713375611183 17.168420404388172 1.0
0 1.350000000000001 -5.444780516072405 -4.650760299791181 1.0
1 1.350000000000001 6.38807896169077 9.509813953364612 1.0
2 1.350000000000001 -4.794127112011679 12.294625001913147 1.0
3 1.350000000000001 -4.335118858695872 16.35125271529931 1.0
4 1.350000000000001 8.08031511843706 -6.328370902009052 1.0
5 1.350000000000001 2.467554819490775 8.049933073179595 1.0
6 1.350000000000001 4.303433185741991 5.539270595794811 1.0
7 1.350000000000001 11.617420217608341 8.145770351399641 1.0
8 1.350000000000001 7.351001394094673 5.326132224151467 1.0
9 1.350000000000001 12.485767510022811 1.164875640955598 1.0
10 1.350000000000001 5.133200452553603 11.531383804314466 1.0
11 1.350000000000001 16.342086963080689 16.778947026996747 1.0
12 1.350000000000001 12.896911932190385 -6.533266818990684 1.0
13 1.350000000000001 14.780202059470341 8.573064195891092 1.0
14 1.350000000000001 21.525099241616736 12.230408420896602 1.0
15 1.350000000000001 19.506665722856042 17.248732271217364 1.0
0 1.400000000000001 -5.639236963074991 -4.816858881926581 1.0
1 1.400000000000001 6.616224638894011 9.670878737413348 1.0
2 1.400000000000001 -4.965345937440667 12.376575894838616 1.0
3 1.400000000000001 -4.489944532220725 16.399511740845714 1.0
4 1.400000000000001 8.190326372666954 -6.554384148509375 1.0
5 1.400000000000001 2.377110348758303 8.158859254364581 1.0
6 1.400000000000001 4.27855579951849 5.379958831358912 1.0
7 1.400000000000001 11.853756653951496 7.900976435378199 1.0
8 1.400000000000001 7.256394301026626 5.516351232156877 1.0
9 1.400000000000001 12.574544921095054 1.027906913846869 1.0
10 1.400000000000001 4.959386183001946 11.586076083039982 1.0
11 1.400000000000001 16.568590068904999 16.842480849389489 1.0
12 1.400000000000001 12.821801644054327 -6.766597776811779 1.0
13 1.400000000000001 14.772352133022853 8.700673631458631 1.0
14 1.400000000000001 21.758138500245906 12.310065864500052 1.0
15 1.400000000000001 19.6676180701009 17.329044138046555 1.0
0 1.450000000000001 -5.833693410077577 -4.98295746406198 1.0
1 1.450000000000001 6.844370316097253 9.831943521462085 1.0
2 1.450000000000001 -5.136564762869656 12.458526787764086 1.0
3 1.450000000000001 -4.644770205745577 16.447770766392118 1.0
4 1.450000000000001 8.300337626896848 -6.780397395009699 1.0
5 1.450000000000001 2.286665878025831 8.267785435549566 1.0
6 1.450000000000001 4.25367841329499 5.220647066923013 1.0
7 1.450000000000001 12.090093090294651 7.656182519356758 1.0
8 1.450000000000001 7.161787207958579 5.706570240162287 1.0
9 1.450000000000001 12.663322332167297 0.89093818673814 1.0
10 1.450000000000001 4.78557191345029 11.640768361765499 1.0
11 1.450000000000001 16.79509317472931 16.906014671782231 1.0
12 1.450000000000001 12.746691355918269 -6.999928734632875 1.0
13 1.450000000000001 14.764502206575365 8.82828306702617 1.0
14 1.450000000000001 21.991177758875075 12.389723308103502 1.0
15 1.450000000000001 19.828570417345759 17.409356004875747 1.0
0 1.500000000000001 -6.028149857080162 -5.149056046197379 1.0
1 1.500000000000001 7.072515993300494 9.993008305510822 1.0
2 1.500000000000001 -5.307783588298645 12.540477680689555 1.0
3 1.500000000000001 -4.79959587927043 16.496029791938522 1.0
4 1.500000000000001 8.410348881126742 -7.006410641510022 1.0
5 1.500000000000001 2.196221407293359 8.376711616734552 1.0
6 1.500000000000001 4.22880102707149 5.061335302487113 1.0
7 1.500000000000001 12.326429526637806 7.411388603335316 1.0
8 1.500000000000001 7.067180114890531 5.896789248167696 1.0
9 1.500000000000001 12.75209974323954 0.753969459629412 1.0
10 1.500000000000001 4.611757643898633 11.695460640491016 1.0
11 1.500000000000001 17.02159628055362 16.969548494174973 1.0
12 1.500000000000001 12.671581067782212 -7.233259692453971 1.0
13 1.500000000000001 14.756652280127877 8.955892502593709 1.0
14 1.500000000000001 22.224217017504245 12.469380751706952 1.0
15 1.500000000000001 19.989522764590617 17.489667871704938 1.0
0 1.550000000000001 -6.222606304082748 -5.315154628332778 1.0
1 1.550000000000001 7.300661670503736 10.154073089559558 1.0
2 1.550000000000001 -5.479002413727634 12.622428573615025 1.0
3 1.550000000000001 -4.954421552795282 16.544288817484926 1.0
4 1.550000000000001 8.520360135356636 -7.232423888010345 1.0
5 1.550000000000001 2.105776936560886 8.485637797919537 1.0
6 1.550000000000001 4.203923640847989 4.902023538051214 1.0
7 1.550000000000001 12.562765962980961 7.166594687313875 1.0
8 1.550000000000001 6.972573021822484 6.087008256173106 1.0
9 1.550000000000001 12.840877154311784 0.617000732520683 1.0
10 1.550000000000001 4.437943374346976 11.750152919216532 1.0
11 1.550000000000001 17.24809938637793 17.033082316567715 1.0
12 1.550000000000001 12.596470779646154 -7.466590650275067 1.0
13 1.550000000000001 14.748802353680389 9.083501938161248 1.0
14 1.550000000000001 22.457256276133414 12.549038195310402 1.0
15 1.550000000000001 20.150475111835476 17.56997973853413 1.0
0 1.600000000000001 -6.417062751085334 -5.481253210468178 1.0
1 1.600000000000001 7.528807347706977 10.315137873608295 1.0
2 1.600000000000001 -5.650221239156623 12.704379466540495 1.0
3 1.600000000000001 -5.109247226320135 16.59254784303133 1.0
4 1.600000000000001 8.63037138958653 -7.458437134510668 1.0
5 1.600000000000001 2.015332465828414 8.594563979104523 1.0
6 1.600000000000001 4.179046254624489 4.742711773615315 1.0
7 1.600000000000001 12.799102399324116 6.921800771292434 1.0
8 1.600000000000001 6.877965928754437 6.277227264178515 1.0
9 1.600000000000001 12.929654565384027 0.480032005411954 1.0
10 1.600000000000001 4.26412910479532 11.804845197942049 1.0
11 1.600000000000001 17.474602492202241 17.096616138960457 1.0
12 1.600000000000001 12.521360491510096 -7.699921608096163 1.0
13 1.600000000000001 14.740952427232902 9.211111373728787 1.0
14 1.600000000000001 22.690295534762583 12.628695638913852 1.0
15 1.600000000000001 20.311427459080335 17.650291605363321 1.0
0 1.650000000000001 -6.61151919808792 -5.647351792603577 1.0
1 1.650000000000001 7.756953024910219 10.476202657657032 1.0
2 1.650000000000001 -5.821440064585611 12.786330359465964 1.0
3 1.650000000000001 -5.264072899844987 16.640806868577734 1.0
4 1.650000000000001 8.740382643816424 -7.684450381010992 1.0
5 1.650000000000001 1.924887995095942 8.703490160289508 1.0
6 1.650000000000001 4.154168868400989 4.583400009179416 1.0
7 1.650000000000001 13.035438835667271 6.677006855270992 1.0
8 1.650000000000001 6.783358835686389 6.467446272183925 1.0
9 1.650000000000001 13.01843197645627 0.343063278303225 1.0
10 1.650000000000001 4.090314835243663 11.859537476667565 1.0
11 1.650000000000001 17.701105598026551 17.160149961353198 1.0
12 1.650000000000001 12.446250203374039 -7.933252565917258 1.0
13 1.650000000000001 14.733102500785414 9.338720809296326 1.0
14 1.650000000000001 22.923334793391753 12.708353082517302 1.0
15 1.650000000000001 20.472379806325193 17.730603472192513 1.0
0 1.700000000000001 -6.805975645090506 -5.813450374738976 1.0
1 1.700000000000001 7.985098702113461 10.637267441705768 1.0
2 1.700000000000001 -5.9926588900146 12.868281252391434 1.0
3 1.700000000000001 -5.41889857336984 16.689065894124138 1.0
4 1.700000000000001 8.850393898046319 -7.910463627511315 1.0
5 1.700000000000001 1.834443524363469 8.812416341474494 1.0
6 1.700000000000001 4.129291482177488 4.424088244743516 1.0
7 1.700000000000001 13.271775272010427 6.432212939249551 1.0
8 1.700000000000001 6.688751742618342 6.657665280189335 1.0
9 1.700000000000001 13.107209387528513 0.206094551194497 1.0
10 1.700000000000001 3.916500565692006 11.914229755393082 1.0
11 1.700000000000001 17.927608703850861 17.22368378374594 1.0
12 1.700000000000001 12.371139915237981 -8.166583523738355 1.0
13 1.700000000000001 14.725252574337926 9.466330244863865 1.0
14 1.700000000000001 23.156374052020922 12.788010526120752 1.0
15 1.700000000000001 20.633332153570052 17.810915339021705 1.0
0 1.750000000000001 -7.000432092093091 -5.979548956874376 1.0
1 1.750000000000001 8.213244379316702 10.798332225754505 1.0
2 1.750000000000001 -6.163877715443589 12.950232145316903 1.0
3 1.750000000000001 -5.573724246894693 16.737324919670542 1.0
4 1.750000000000001 8.960405152276213 -8.136476874011638 1.0
5 1.750000000000001 1.743999053630997 8.921342522659479 1.0
6 1.750000000000001 4.104414095953988 4.264776480307617 1.0
7 1.750000000000001 13.508111708353582 6.187419023228109 1.0
8 1.750000000000001 6.594144649550294 6.847884288194744 1.0
9 1.750000000000001 13.195986798600757 0.069125824085768 1.0
10 1.750000000000001 3.74268629614035 11.968922034118599 1.0
11 1.750000000000001 18.154111809675172 17.287217606138682 1.0
12 1.750000000000001 12.296029627101923 -8.399914481559451 1.0
13 1.750000000000001 14.717402647890438 9.593939680431404 1.0
14 1.750000000000001 23.389413310650092 12.867667969724202 1.0
15 1.750000000000001 20.794284500814911 17.891227205850896 1.0
0 1.800000000000001 -7.194888539095677 -6.145647539009775 1.0
1 1.800000000000001 8.441390056519944 10.959397009803242 1.0
2 1.800000000000001 -6.335096540872578 13.032183038242373 1.0
3 1.800000000000001 -5.728549920419545 16.785583945216946 1.0
4 1.800000000000001 9.070416406506107 -8.362490120511961 1.0
5 1.800000000000001 1.653554582898525 9.030268703844465 1.0
6 1.800000000000001 4.079536709730488 4.105464715871718 1.0
7 1.800000000000001 13.744448144696737 5.942625107206668 1.0
8 1.800000000000001 6.499537556482247 7.038103296200154 1.0
9 1.800000000000001 13.284764209673 -0.067842903022961 1.0
10 1.800000000000001 3.568872026588693 12.023614312844115 1.0
11 1.800000000000001 18.380614915499482 17.350751428531424 1.0
12 1.800000000000001 12.220919338965865 -8.633245439380547 1.0
13 1.800000000000001 14.70955272144295 9.721549115998943 1.0
14 1.800000000000001 23.622452569279261 12.947325413327652 1.0
15 1.800000000000001 20.955236848059769 17.971539072680088 1.0
0 1.850000000000001 -7.389344986098263 -6.311746121145174 1.0
1 1.850000000000001 8.669535733723187 11.120461793851979 1.0
2 1.850000000000001 -6.506315366301567 13.114133931167842 1.0
3 1.850000000000001 -5.883375593944398 16.833842970763349 1.0
4 1.850000000000001 9.180427660736001 -8.588503367012283 1.0
5 1.850000000000001 1.563110112166052 9.13919488502945 1.0
6 1.850000000000001 4.054659323506987 3.946152951435819 1.0
7 1.850000000000001 13.980784581039892 5.697831191185227 1.0
8 1.850000000000001 6.4049304634142 7.228322304205563 1.0
9 1.850000000000001 13.373541620745243 -0.20481163013169 1.0
10 1.850000000000001 3.395057757037036 12.078306591569632 1.0
11 1.850000000000001 18.607118021323792 17.414285250924166 1.0
12 1.850000000000001 12.145809050829808 -8.866576397201642 1.0
13 1.850000000000001 14.701702794995462 9.849158551566482 1.0
14 1.850000000000001 23.85549182790843 13.026982856931102 1.0
15 1.850000000000001 21.116189195304628 18.051850939509279 1.0
0 1.900000000000001 -7.583801433100849 -6.477844703280573 1.0
1 1.900000000000001 8.897681410926429 11.281526577900715 1.0
2 1.900000000000001 -6.677534191730556 13.196084824093312 1.0
3 1.900000000000001 -6.03820126746925 16.882101996309753 1.0
4 1.900000000000001 9.290438914965895 -8.814516613512605 1.0
5 1.900000000000001 1.47266564143358 9.248121066214436 1.0
6 1.900000000000001 4.029781937283487 3.786841186999919 1.0
7 1.900000000000001 14.217121017383047 5.453037275163785 1.0
8 1.900000000000001 6.310323370346152 7.418541312210973 1.0
9 1.900000000000001 13.462319031817486 -0.341780357240418 1.0
10 1.900000000000001 3.221243487485379 12.132998870295149 1.0
11 1.900000000000001 18.833621127148103 17.477819073316908 1.0
12 1.900000000000001 12.07069876269375 -9.099907355022738 1.0
13 1.900000000000001 14.693852868547975 9.976767987134021 1.0
14 1.900000000000001 24.0885310865376 13.106640300534552 1.0
15 1.900000000000001 21.277141542549487 18.132162806338471 1.0
0 1.950000000000001 -7.778257880103435 -6.643943285415973 1.0
1 1.950000000000001 9.125827088129672 11.442591361949452 1.0
2 1.950000000000001 -6.848753017159544 13.278035717018781 1.0
3 1.950000000000001 -6.193026940994103 16.930361021856157 1.0
4 1.950000000000001 9.400450169195789 -9.040529860012928 1.0
5 1.950000000000001 1.382221170701108 9.357047247399422 1.0
6 1.950000000000001 4.004904551059987 3.62752942256402 1.0
7 1.950000000000001 14.453457453726202 5.208243359142344 1.0
8 1.950000000000001 6.215716277278105 7.608760320216382 1.0
9 1.950000000000001 13.55109644288973 -0.478749084349147 1.0
10 1.950000000000001 3.047429217933723 12.187691149020665 1.0
11 1.950000000000001 19.060124232972413 17.54135289570965 1.0
12 1.950000000000001 11.995588474557692 -9.333238312843834 1.0
13 1.950000000000001 14.686002942100487 10.10437742270156 1.0
14 1.950000000000001 24.321570345166769 13.186297744138002 1.0
15 1.950000000000001 21.438093889794345 18.212474673167662 1.0
0 2.000000000000001 -7.97271432710602 -6.810041867551372 1.0
1 2.000000000000001 9.353972765332914 11.603656145998189 1.0
2 2.000000000000001 -7.019971842588533 13.359986609944251 1.0
3 2.000000000000001 -6.347852614518955 16.978620047402561 1.0
4 2.000000000000001 9.510461423425683 -9.26654310651325 1.0
5 2.000000000000001 1.291776699968636 9.465973428584407 1.0
6 2.000000000000001 3.980027164836486 3.468217658128121 1.0
7 2.000000000000001 14.689793890069357 4.963449443120902 1.0
8 2.000000000000001 6.121109184210058 7.798979328221792 1.0
9 2.000000000000001 13.639873853961973 -0.615717811457876 1.0
10 2.000000000000001 2.873614948382066 12.242383427746182 1.0
11 2.000000000000001 19.286627338796723 17.604886718102392 1.0
12 2.000000000000001 11.920478186421635 -9.56656927066493 1.0
13 2.000000000000001 14.678153015652999 10.231986858269099 1.0
14 2.000000000000001 24.554609603795939 13.265955187741453 1.0
15 2.000000000000001 21.599046237039204 18.292786539996854 1.0
0 2.050000000000001 -8.167170774108607 -6.976140449686771 1.0
1 2.050000000000001 9.582118442536157 11.764720930046925 1.0
2 2.050000000000001 -7.191190668017522 13.44193750286972 1.0
3 2.050000000000001 -6.502678288043808 17.026879072948965 1.0
4 2.050000000000001 9.620472677655577 -9.492556353013573 1.0
5 2.050000000000001 1.201332229236163 9.574899609769393 1.0
6 2.050000000000001 3.955149778612986 3.308905893692222 1.0
7 2.050000000000001 14.926130326412512 4.718655527099461 1.0
8 2.050000000000001 6.02650209114201 7.989198336227202 1.0
9 2.050000000000001 13.728651265034216 -0.752686538566605 1.0
10 2.050000000000001 2.699800678830409 12.297075706471698 1.0
11 2.050000000000001 19.513130444621034 17.668420540495134 1.0
12 2.050000000000001 11.845367898285577 -9.799900228486026 1.0
13 2.050000000000001 14.670303089205511 10.359596293836638 1.0
14 2.050000000000001 24.787648862425108 13.345612631344903 1.0
15 2.050000000000001 21.759998584284062 18.373098406826045 1.0
0 2.100000000000001 -8.361627221111194 -7.142239031822171 1.0
1 2.100000000000001 9.810264119739399 11.925785714095662 1.0
2 2.100000000000001 -7.362409493446511 13.52388839579519 1.0
3 2.100000000000001 -6.65750396156866 17.075138098495369 1.0
4 2.100000000000001 9.730483931885471 -9.718569599513895 1.0
5 2.100000000000001 1.110887758503691 9.683825790954378 1.0
6 2.100000000000001 3.930272392389486 3.149594129256323 1.0
7 2.100000000000001 15.162466762755667 4.47386161107802 1.0
8 2.100000000000001 5.931894998073963 8.179417344232611 1.0
9 2.100000000000001 13.817428676106459 -0.889655265675333 1.0
10 2.100000000000001 2.525986409278753 12.351767985197215 1.0
11 2.100000000000001 19.739633550445344 17.731954362887876 1.0
12 2.100000000000001 11.770257610149519 -10.033231186307122 1.0
13 2.100000000000001 14.662453162758023 10.487205729404177 1.0
14 2.100000000000001 25.020688121054278 13.425270074948353 1.0
15 2.100000000000001 21.920950931528921 18.453410273655237 1.0
0 2.15 -8.55608366811378 -7.30833761395757 1.0
1 2.15 10.038409796942641 12.086850498144399 1.0
2 2.15 -7.5336283188755 13.605839288720659 1.0
3 2.15 -6.812329635093513 17.123397124041773 1.0
4 2.15 9.840495186115366 -9.944582846014217 1.0
5 2.15 1.020443287771219 9.792751972139364 1.0
6 2.15 3.905395006165985 2.990282364820423 1.0
7 2.15 15.398803199098822 4.229067695056578 1.0
8 2.15 5.837287905005915 8.36963635223802 1.0
9 2.15 13.906206087178703 -1.026623992784062 1.0
10 2.15 2.352172139727096 12.406460263922732 1.0
11 2.15 19.966136656269654 17.795488185280618 1.0
12 2.15 11.695147322013462 -10.266562144128217 1.0
13 2.15 14.654603236310535 10.614815164971716 1.0
14 2.15 25.253727379683447 13.504927518551803 1.0
15 2.15 22.08190327877378 18.533722140484429 1.0
0 2.2 -8.750540115116367 -7.474436196092969 1.0
1 2.2 10.266555474145884 12.247915282193135 1.0
2 2.2 -7.704847144304488 13.687790181646129 1.0
3 2.2 -6.967155308618366 17.171656149588177 1.0
4 2.2 9.95050644034526 -10.17059609251454 1.0
5 2.2 0.929998817038746 9.901678153324349 1.0
6 2.2 3.880517619942485 2.830970600384524 1.0
7 2.2 15.635139635441977 3.984273779035137 1.0
8 2.2 5.742680811937868 8.559855360243429 1.0
9 2.2 13.994983498250946 -1.163592719892791 1.0
10 2.2 2.178357870175439 12.461152542648248 1.0
11 2.2 20.192639762093965 17.85902200767336 1.0
12 2.2 11.620037033877404 -10.499893101949313 1.0
13 2.2 14.646753309863048 10.742424600539255 1.0
14 2.2 25.486766638312616 13.584584962155253 1.0
15 2.2 22.242855626018638 18.61403400731362 1.0
0 2.25 -8.944996562118954 -7.640534778228369 1.0
1 2.25 10.494701151349126 12.408980066241872 1.0
2 2.25 -7.876065969733477 13.769741074571598 1.0
3 2.25 -7.121980982143218 17.219915175134581 1.0
4 2.25 10.060517694575154 -10.396609339014862 1.0
5 2.25 0.839554346306274 10.010604334509335 1.0
6 2.25 3.855640233718985 2.671658835948625 1.0
7 2.25 15.871476071785132 3.739479863013695 1.0
8 2.25 5.648073718869821 8.750074368248837 1.0
9 2.25 14.083760909323189 -1.30056144700152 1.0
10 2.25 2.004543600623783 12.515844821373765 1.0
11 2.25 20.419142867918275 17.922555830066102 1.0
12 2.25 11.544926745741346 -10.733224059770409 1.0
13 2.25 14.63890338341556 10.870034036106794 1.0
14 2.25 25.719805896941786 13.664242405758703 1.0
15 2.25 22.403807973263497 18.694345874142812 1.0
0 2.3 -9.13945300912154 -7.806633360363768 1.0
1 2.3 10.722846828552369 12.570044850290609 1.0
2 2.3 -8.047284795162465 13.851691967497068 1.0
3 2.3 -7.276806655668071 17.268174200680985 1.0
4 2.3 10.170528948805048 -10.622622585515185 1.0
5 2.3 0.749109875573801 10.11953051569432 1.0
6 2.3 3.830762847495484 2.512347071512726 1.0
7 2.3 16.107812508128287 3.494685946992254 1.0
8 2.3 5.553466625801773 8.940293376254246 1.0
9 2.3 14.172538320395432 -1.437530174110248 1.0
10 2.3 1.830729331072126 12.570537100099282 1.0
11 2.3 20.645645973742585 17.986089652458844 1.0
12 2.3 11.469816457605289 -10.966555017591505 1.0
13 2.3 14.631053456968072 10.997643471674333 1.0
14 2.3 25.952845155570955 13.743899849362153 1.0
15 2.3 22.564760320508356 18.774657740972003 1.0
0 2.35 -9.333909456124127 -7.972731942499167 1.0
1 2.35 10.950992505755611 12.731109634339346 1.0
2 2.35 -8.218503620591454 13.933642860422538 1.0
3 2.35 -7.431632329192923 17.316433226227389 1.0
4 2.35 10.280540203034942 -10.848635832015507 1.0
5 2.35 0.658665404841329 10.228456696879306 1.0
6 2.35 3.805885461271984 2.353035307076826 1.0
7 2.35 16.344148944471442 3.249892030970813 1.0
8 2.35 5.458859532733726 9.130512384259655 1.0
9 2.35 14.261315731467676 -1.574498901218977 1.0
10 2.35 1.656915061520469 12.625229378824798 1.0
11 2.35 20.872149079566896 18.049623474851586 1.0
12 2.35 11.394706169469231 -11.199885975412601 1.0
13 2.35 14.623203530520584 11.125252907241872 1.0
14 2.35 26.185884414200125 13.823557292965603 1.0
15 2.35 22.725712667753214 18.854969607801195 1.0
0 2.399999999999999 -9.528365903126714 -8.138830524634567 1.0
1 2.399999999999999 11.179138182958853 12.892174418388082 1.0
2 2.399999999999999 -8.389722446020443 14.015593753348007 1.0
3 2.399999999999999 -7.586458002717776 17.364692251773793 1.0
4 2.399999999999999 10.390551457264836 -11.074649078515829 1.0
5 2.399999999999999 0.568220934108857 10.337382878064291 1.0
6 2.399999999999999 3.781008075048484 2.193723542640927 1.0
7 2.399999999999999 16.580485380814597 3.005098114949371 1.0
8 2.399999999999999 5.364252439665679 9.320731392265063 1.0
9 2.399999999999999 14.350093142539919 -1.711467628327706 1.0
10 2.399999999999999 1.483100791968813 12.679921657550315 1.0
11 2.399999999999999 21.098652185391206 18.113157297244328 1.0
12 2.399999999999999 11.319595881333173 -11.433216933233696 1.0
13 2.399999999999999 14.615353604073096 11.252862342809411 1.0
14 2.399999999999999 26.418923672829294 13.903214736569053 1.0
15 2.399999999999999 22.886665014998073 18.935281474630386 1.0
0 2.449999999999999 -9.722822350129301 -8.304929106769967 1.0
1 2.449999999999999 11.407283860162096 13.053239202436819 1.0
2 2.449999999999999 -8.560941271449432 14.097544646273477 1.0
3 2.449999999999999 -7.741283676242628 17.412951277320197 1.0
4 2.449999999999999 10.50056271149473 -11.300662325016152 1.0
5 2.449999999999999 0.477776463376384 10.446309059249277 1.0
6 2.449999999999999 3.756130688824983 2.034411778205028 1.0
7 2.449999999999999 16.816821817157752 2.76030419892793 1.0
8 2.449999999999999 5.269645346597631 9.510950400270472 1.0
9 2.449999999999999 14.438870553612162 -1.848436355436435 1.0
10 2.449999999999999 1.309286522417156 12.734613936275831 1.0
11 2.449999999999999 21.325155291215516 18.17669111963707 1.0
12 2.449999999999999 11.244485593197115 -11.666547891054792 1.0
13 2.449999999999999 14.607503677625608 11.38047177837695 1.0
14 2.449999999999999 26.651962931458463 13.982872180172503 1.0
15 2.449999999999999 23.047617362242931 19.015593341459578 1.0
0 2.499999999999999 -9.917278797131887 -8.471027688905366 1.0
1 2.499999999999999 11.635429537365338 13.214303986485556 1.0
2 2.499999999999999 -8.73216009687842 14.179495539198946 1.0
3 2.499999999999999 -7.896109349767481 17.461210302866601 1.0
4 2.499999999999999 10.610573965724624 -11.526675571516474 1.0
5 2.499999999999999 0.387331992643912 10.555235240434262 1.0
6 2.499999999999999 3.731253302601483 1.875100013769129 1.0
7 2.499999999999999 17.053158253500907 2.515510282906488 1.0
8 2.499999999999999 5.175038253529584 9.701169408275881 1.0
9 2.499999999999999 14.527647964684405 -1.985405082545163 1.0
10 2.499999999999999 1.135472252865499 12.789306215001348 1.0
11 2.499999999999999 21.551658397039827 18.240224942029812 1.0
12 2.499999999999999 11.169375305061058 -11.899878848875888 1.0
13 2.499999999999999 14.599653751178121 11.508081213944489 1.0
14 2.499999999999999 26.885002190087633 14.062529623775953 1.0
15 2.499999999999999 23.20856970948779 19.095905208288769 1.0
0 2.549999999999999 -10.111735244134474 -8.637126271040765 1.0
1 2.549999999999999 11.863575214568581 13.375368770534292 1.0
2 2.549999999999999 -8.903378922307409 14.261446432124416 1.0
3 2.549999999999999 -8.050935023292334 17.509469328413005 1.0
4 2.549999999999999 10.720585219954518 -11.752688818016797 1.0
5 2.549999999999999 0.296887521911439 10.664161421619248 1.0
6 2.549999999999999 3.706375916377983 1.715788249333229 1.0
7 2.549999999999999 17.289494689844062 2.270716366885047 1.0
8 2.549999999999999 5.080431160461536 9.89138841628129 1.0
9 2.549999999999999 14.616425375756648 -2.122373809653892 1.0
10 2.549999999999999 0.961657983313843 12.843998493726865 1.0
11 2.549999999999999 21.778161502864137 18.303758764422554 1.0
12 2.549999999999999 11.094265016925 -12.133209806696984 1.0
13 2.549999999999999 14.591803824730633 11.635690649512028 1.0
14 2.549999999999999 27.118041448716802 14.142187067379403 1.0
15 2.549999999999999 23.369522056732649 19.176217075117961 1.0
0 2.599999999999999 -10.306191691137061 -8.803224853176165 1.0
1 2.599999999999999 12.091720891771823 13.536433554583029 1.0
2 2.599999999999999 -9.074597747736398 14.343397325049885 1.0
3 2.599999999999999 -8.205760696817187 17.557728353959408 1.0
4 2.599999999999999 10.830596474184413 -11.978702064517119 1.0
5 2.599999999999999 0.206443051178967 10.773087602804233 1.0
6 2.599999999999999 3.681498530154482 1.55647648489733 1.0
7 2.599999999999999 17.525831126187217 2.025922450863606 1.0
8 2.599999999999999 4.985824067393489 10.081607424286698 1.0
9 2.599999999999999 14.705202786828892 -2.259342536762621 1.0
10 2.599999999999999 0.787843713762186 12.898690772452381 1.0
11 2.599999999999999 22.004664608688447 18.367292586815296 1.0
12 2.599999999999999 11.019154728788942 -12.36654076451808 1.0
13 2.599999999999999 14.583953898283145 11.763300085079567 1.0
14 2.599999999999999 27.351080707345972 14.221844510982853 1.0
15 2.599999999999999 23.530474403977507 19.256528941947153 1.0
0 2.649999999999999 -10.500648138139647 -8.969323435311564 1.0
1 2.649999999999999 12.319866568975065 13.697498338631766 1.0
2 2.649999999999999 -9.245816573165387 14.425348217975355 1.0
3 2.649999999999999 -8.360586370342039 17.605987379505812 1.0
4 2.649999999999999 10.940607728414307 -12.204715311017441 1.0
5 2.649999999999999 0.115998580446494 10.882013783989219 1.0
6 2.649999999999999 3.656621143930982 1.397164720461431 1.0
7 2.649999999999999 17.762167562530372 1.781128534842164 1.0
8 2.649999999999999 4.891216974325442 10.271826432292107 1.0
9 2.649999999999999 14.793980197901135 -2.39631126387135 1.0
10 2.649999999999999 0.614029444210529 12.953383051177898 1.0
11 2.649999999999999 22.231167714512758 18.430826409208038 1.0
12 2.649999999999999 10.944044440652885 -12.599871722339175 1.0
13 2.649999999999999 14.576103971835657 11.890909520647106 1.0
14 2.649999999999999 27.584119965975141 14.301501954586303 1.0
15 2.649999999999999 23.691426751222366 19.336840808776344 1.0
0 2.699999999999998 -10.695104585142234 -9.135422017446963 1.0
1 2.699999999999998 12.548012246178308 13.858563122680502 1.0
2 2.699999999999998 -9.417035398594376 14.507299110900824 1.0
3 2.699999999999998 -8.515412043866892 17.654246405052216 1.0
4 2.699999999999998 11.050618982644201 -12.430728557517764 1.0
5 2.699999999999998 0.025554109714022 10.990939965174205 1.0
6 2.699999999999998 3.631743757707482 1.237852956025532 1.0
7 2.699999999999998 17.998503998873527 1.536334618820723 1.0
8 2.699999999999998 4.796609881257394 10.462045440297516 1.0
9 2.699999999999998 14.882757608973378 -2.533279990980078 1.0
10 2.699999999999998 0.440215174658872 13.008075329903415 1.0
11 2.699999999999998 22.457670820337068 18.49436023160078 1.0
12 2.699999999999998 10.868934152516827 -12.833202680160271 1.0
13 2.699999999999998 14.568254045388169 12.018518956214645 1.0
14 2.699999999999998 27.81715922460431 14.381159398189753 1.0
15 2.699999999999998 23.852379098467225 19.417152675605536 1.0
0 2.749999999999998 -10.889561032144821 -9.301520599582362 1.0
1 2.749999999999998 12.77615792338155 14.019627906729239 1.0
2 2.749999999999998 -9.588254224023364 14.589250003826294 1.0
3 2.749999999999998 -8.670237717391744 17.70250543059862 1.0
4 2.749999999999998 11.160630236874095 -12.656741804018086 1.0
5 2.749999999999998 -0.06489036101845 11.09986614635919 1.0
6 2.749999999999998 3.606866371483981 1.078541191589633 1.0
7 2.749999999999998 18.234840435216682 1.291540702799281 1.0
8 2.749999999999998 4.702002788189347 10.652264448302924 1.0
9 2.749999999999998 14.971535020045621 -2.670248718088807 1.0
10 2.749999999999998 0.266400905107216 13.062767608628931 1.0
11 2.749999999999998 22.684173926161378 18.557894053993522 1.0
12 2.749999999999998 10.793823864380769 -13.066533637981367 1.0
13 2.749999999999998 14.560404118940681 12.146128391782185 1.0
14 2.749999999999998 28.05019848323348 14.460816841793203 1.0
15 2.749999999999998 24.013331445712083 19.497464542434727 1.0
0 2.799999999999998 -11.084017479147407 -9.467619181717762 1.0
1 2.799999999999998 13.004303600584793 14.180692690777976 1.0
2 2.799999999999998 -9.759473049452353 14.671200896751763 1.0
3 2.799999999999998 -8.825063390916597 17.750764456145024 1.0
4 2.799999999999998 11.270641491103989 -12.882755050518409 1.0
5 2.799999999999998 -0.155334831750923 11.208792327544176 1.0
6 2.799999999999998 3.581988985260481 0.919229427153733 1.0
7 2.799999999999998 18.471176871559837 1.04674678677784 1.0
8 2.799999999999998 4.6073956951213 10.842483456308333 1.0
9 2.799999999999998 15.060312431117865 -2.807217445197536 1.0
10 2.799999999999998 0.092586635555559 13.117459887354448 1.0
11 2.799999999999998 22.910677031985689 18.621427876386264 1.0
12 2.799999999999998 10.718713576244712 -13.299864595802463 1.0
13 2.799999999999998 14.552554192493194 12.273737827349724 1.0
14 2.799999999999998 28.283237741862649 14.540474285396654 1.0
15 2.799999999999998 24.174283792956942 19.577776409263919 1.0
0 2.849999999999998 -11.278473926149994 -9.633717763853161 1.0
1 2.849999999999998 13.232449277788035 14.341757474826712 1.0
2 2.849999999999998 -9.930691874881342 14.753151789677233 1.0
3 2.849999999999998 -8.97988906444145 17.799023481691428 1.0
4 2.849999999999998 11.380652745333883 -13.108768297018731 1.0
5 2.849999999999998 -0.245779302483395 11.317718508729161 1.0
6 2.849999999999998 3.557111599036981 0.759917662717834 1.0
7 2.849999999999998 18.707513307902992 0.801952870756399 1.0
8 2.849999999999998 4.512788602053252 11.032702464313742 1.0
9 2.849999999999998 15.149089842190108 -2.944186172306265 1.0
10 2.849999999999998 -0.081227633996098 13.172152166079965 1.0
11 2.849999999999998 23.137180137809999 18.684961698779006 1.0
12 2.849999999999998 10.643603288108654 -13.533195553623559 1.0
13 2.849999999999998 14.544704266045706 12.401347262917263 1.0
14 2.849999999999998 28.516277000491819 14.620131729000104 1.0
15 2.849999999999998 24.3352361402018 19.65808827609311 1.0
0 2.899999999999998 -11.472930373152581 -9.79981634598856 1.0
1 2.899999999999998 13.460594954991278 14.502822258875449 1.0
2 2.899999999999998 -10.101910700310331 14.835102682602702 1.0
3 2.899999999999998 -9.134714737966302 17.847282507237832 1.0
4 2.899999999999998 11.490663999563777 -13.334781543519053 1.0
5 2.899999999999998 -0.336223773215868 11.426644689914147 1.0
6 2.899999999999998 3.53223421281348 0.600605898281935 1.0
7 2.899999999999998 18.943849744246148 0.557158954734957 1.0
8 2.899999999999998 4.418181508985205 11.22292147231915 1.0
9 2.899999999999998 15.237867253262351 -3.081154899414993 1.0
10 2.899999999999998 -0.255041903547755 13.226844444805481 1.0
11 2.899999999999998 23.363683243634309 18.748495521171748 1.0
12 2.899999999999998 10.568492999972596 -13.766526511444654 1.0
13 2.899999999999998 14.536854339598218 12.528956698484802 1.0
14 2.899999999999998 28.749316259120988 14.699789172603554 1.0
15 2.899999999999998 24.496188487446659 19.738400142922302 1.0
0 2.949999999999998 -11.667386820155167 -9.96591492812396 1.0
1 2.949999999999998 13.68874063219452 14.663887042924186 1.0
2 2.949999999999998 -10.27312952573932 14.917053575528172 1.0
3 2.949999999999998 -9.289540411491155 17.895541532784236 1.0
4 2.949999999999998 11.600675253793671 -13.560794790019376 1.0
5 2.949999999999998 -0.42666824394834 11.535570871099132 1.0
6 2.949999999999998 3.50735682658998 0.441294133846035 1.0
7 2.949999999999998 19.180186180589303 0.312365038713516 1.0
8 2.949999999999998 4.323574415917157 11.413140480324559 1.0
9 2.949999999999998 15.326644664334594 -3.218123626523722 1.0
10 2.949999999999998 -0.428856173099411 13.281536723530998 1.0
11 2.949999999999998 23.590186349458619 18.81202934356449 1.0
12 2.949999999999998 10.493382711836539 -13.99985746926575 1.0
13 2.949999999999998 14.52900441315073 12.656566134052341 1.0
14 2.949999999999998 28.982355517750158 14.779446616207004 1.0
15 2.949999999999998 24.657140834691518 19.818712009751493 1.0
0 2.999999999999997 -11.861843267157754 -10.132013510259359 1.0
1 2.999999999999997 13.916886309397762 14.824951826972923 1.0
2 2.999999999999997 -10.444348351168308 14.999004468453641 1.0
3 2.999999999999997 -9.444366085016007 17.94380055833064 1.0
4 2.999999999999997 11.710686508023565 -13.786808036519698 1.0
5 2.999999999999997 -0.517112714680812 11.644497052284118 1.0
6 2.999999999999997 3.48247944036648 0.281982369410136 1.0
7 2.999999999999997 19.416522616932458 0.067571122692074 1.0
8 2.999999999999997 4.22896732284911 11.603359488329968 1.0
9 2.999999999999997 15.415422075406838 -3.355092353632451 1.0
10 2.999999999999997 -0.602670442651068 13.336229002256514 1.0
11 2.999999999999997 23.81668945528293 18.875563165957232 1.0
12 2.999999999999997 10.418272423700481 -14.233188427086846 1.0
13 2.999999999999997 14.521154486703242 12.78417556961988 1.0
14 2.999999999999997 29.215394776379327 14.859104059810454 1.0
15 2.999999999999997 24.818093181936376 19.899023876580685 1.0
0 3.049999999999997 -12.056299714160341 -10.298112092394758 1.0
1 3.049999999999997 14.145031986601005 14.986016611021659 1.0
2 3.049999999999997 -10.615567176597297 15.080955361379111 1.0
3 3.049999999999997 -9.59919175854086 17.992059583877044 1.0
4 3.049999999999997 11.820697762253459 -14.012821283020021 1.0
5 3.049999999999997 -0.607557185413285 11.753423233469103 1.0
6 3.049999999999997 3.457602054142979 0.122670604974237 1.0
7 3.049999999999997 19.652859053275613 -0.177222793329367 1.0
8 3.049999999999997 4.134360229781063 11.793578496335376 1.0
9 3.049999999999997 15.504199486479081 -3.49206108074118 1.0
10 3.049999999999997 -0.776484712202725 13.390921280982031 1.0
11 3.049999999999997 24.04319256110724 18.939096988349974 1.0
12 3.049999999999997 10.343162135564423 -14.466519384907942 1.0
13 3.049999999999997 14.513304560255754 12.911785005187419 1.0
14 3.049999999999997 29.448434035008496 14.938761503413904 1.0
15 3.049999999999997 24.979045529181235 19.979335743409877 1.0
0 3.099999999999997 -12.250756161162927 -10.464210674530158 1.0
1 3.099999999999997 14.373177663804247 15.147081395070396 1.0
2 3.099999999999997 -10.786786002026286 15.162906254304581 1.0
3 3.099999999999997 -9.754017432065712 18.040318609423448 1.0
4 3.099999999999997 11.930709016483354 -14.238834529520343 1.0
5 3.099999999999997 -0.698001656145757 11.862349414654089 1.0
6 3.099999999999997 3.432724667919479 -0.036641159461663 1.0
7 3.099999999999997 19.889195489618768 -0.422016709350808 1.0
8 3.099999999999997 4.039753136713015 11.983797504340785 1.0
9 3.099999999999997 15.592976897551324 -3.629029807849908 1.0
10 3.099999999999997 -0.950298981754381 13.445613559707548 1.0
11 3.099999999999997 24.26969566693155 19.002630810742716 1.0
12 3.099999999999997 10.268051847428366 -14.699850342729038 1.0
13 3.099999999999997 14.505454633808267 13.039394440754958 1.0
14 3.099999999999997 29.681473293637666 15.018418947017354 1.0
15 3.099999999999997 25.139997876426094 20.059647610239068 1.0
0 3.149999999999997 -12.445212608165514 -10.630309256665557 1.0
1 3.149999999999997 14.60132334100749 15.308146179119133 1.0
2 3.149999999999997 -10.958004827455275 15.24485714723005 1.0
3 3.149999999999997 -9.908843105590565 18.088577634969852 1.0
4 3.149999999999997 12.040720270713248 -14.464847776020665 1.0
5 3.149999999999997 -0.78844612687823 11.971275595839074 1.0
6 3.149999999999997 3.407847281695979 -0.195952923897562 1.0
7 3.149999999999997 20.125531925961923 -0.66681062537225 1.0
8 3.149999999999997 3.945146043644968 12.174016512346194 1.0
9 3.149999999999997 15.681754308623567 -3.765998534958637 1.0
10 3.149999999999997 -1.124113251306038 13.500305838433064 1.0
11 3.149999999999997 24.496198772755861 19.066164633135458 1.0
12 3.149999999999997 10.192941559292308 -14.933181300550133 1.0
13 3.149999999999997 14.497604707360779 13.167003876322497 1.0
14 3.149999999999997 29.914512552266835 15.098076390620804 1.0
15 3.149999999999997 25.300950223670952 20.13995947706826 1.0
0 3.199999999999997 -12.639669055168101 -10.796407838800956 1.0
1 3.199999999999997 14.829469018210732 15.469210963167869 1.0
2 3.199999999999997 -11.129223652884264 15.32680804015552 1.0
3 3.199999999999997 -10.063668779115417 18.136836660516256 1.0
4 3.199999999999997 12.150731524943142 -14.690861022520988 1.0
5 3.199999999999997 -0.878890597610702 12.08020177702406 1.0
6 3.199999999999997 3.382969895472479 -0.355264688333461 1.0
7 3.199999999999997 20.361868362305078 -0.911604541393691 1.0
8 3.199999999999997 3.850538950576921 12.364235520351603 1.0
9 3.199999999999997 15.770531719695811 -3.902967262067366 1.0
10 3.199999999999997 -1.297927520857695 13.554998117158581 1.0
11 3.199999999999997 24.722701878580171 19.129698455528199 1.0
12 3.199999999999997 10.11783127115625 -15.166512258371229 1.0
13 3.199999999999997 14.489754780913291 13.294613311890036 1.0
14 3.199999999999997 30.147551810896005 15.177733834224254 1.0
15 3.199999999999997 25.461902570915811 20.220271343897451 1.0
0 3.249999999999996 -12.834125502170687 -10.962506420936355 1.0
1 3.249999999999996 15.057614695413974 15.630275747216606 1.0
2 3.249999999999996 -11.300442478313252 15.408758933080989 1.0
3 3.249999999999996 -10.21849445264027 18.18509568606266 1.0
4 3.249999999999996 12.260742779173036 -14.91687426902131 1.0
5 3.249999999999996 -0.969335068343175 12.189127958209045 1.0
6 3.249999999999996 3.358092509248978 -0.514576452769361 1.0
7 3.249999999999996 20.598204798648233 -1.156398457415132 1.0
8 3.249999999999996 3.755931857508873 12.554454528357011 1.0
9 3.249999999999996 15.859309130768054 -4.039935989176095 1.0
10 3.249999999999996 -1.471741790409351 13.609690395884098 1.0
11 3.249999999999996 24.949204984404481 19.193232277920941 1.0
12 3.249999999999996 10.042720983020192 -15.399843216192325 1.0
13 3.249999999999996 14.481904854465803 13.422222747457575 1.0
14 3.249999999999996 30.380591069525174 15.257391277827704 1.0
15 3.249999999999996 25.62285491816067 20.300583210726643 1.0
0 3.299999999999996 -13.028581949173274 -11.128605003071755 1.0
1 3.299999999999996 15.285760372617217 15.791340531265343 1.0
2 3.299999999999996 -11.471661303742241 15.490709826006459 1.0
3 3.299999999999996 -10.373320126165122 18.233354711609064 1.0
4 3.299999999999996 12.37075403340293 -15.142887515521632 1.0
5 3.299999999999996 -1.059779539075647 12.298054139394031 1.0
6 3.299999999999996 3.333215123025478 -0.67388821720526 1.0
7 3.299999999999996 20.834541234991388 -1.401192373436574 1.0
8 3.299999999999996 3.661324764440826 12.74467353636242 1.0
9 3.299999999999996 15.948086541840297 -4.176904716284823 1.0
10 3.299999999999996 -1.645556059961008 13.664382674609614 1.0
11 3.299999999999996 25.175708090228792 19.256766100313683 1.0
12 3.299999999999996 9.967610694884135 -15.633174174013421 1.0
13 3.299999999999996 14.474054928018315 13.549832183025114 1.0
14 3.299999999999996 30.613630328154343 15.337048721431154 1.0
15 3.299999999999996 25.783807265405528 20.380895077555834 1.0
0 3.349999999999996 -13.223038396175861 -11.294703585207154 1.0
1 3.349999999999996 15.513906049820459 15.952405315314079 1.0
2 3.349999999999996 -11.64288012917123 15.572660718931928 1.0
3 3.349999999999996 -10.528145799689975 18.281613737155467 1.0
4 3.349999999999996 12.480765287632824 -15.368900762021955 1.0
5 3.349999999999996 -1.150224009808119 12.406980320579017 1.0
6 3.349999999999996 3.308337736801978 -0.833199981641159 1.0
7 3.349999999999996 21.070877671334543 -1.645986289458015 1.0
8 3.349999999999996 3.566717671372778 12.934892544367829 1.0
9 3.349999999999996 16.03686395291254 -4.313873443393551 1.0
10 3.349999999999996 -1.819370329512665 13.719074953335131 1.0
11 3.349999999999996 25.402211196053102 19.320299922706425 1.0
12 3.349999999999996 9.892500406748077 -15.866505131834517 1.0
13 3.349999999999996 14.466205001570827 13.677441618592653 1.0
14 3.349999999999996 30.846669586783513 15.416706165034604 1.0
15 3.349999999999996 25.944759612650387 20.461206944385026 1.0
0 3.399999999999996 -13.417494843178448 -11.460802167342553 1.0
1 3.399999999999996 15.742051727023702 16.113470099362814 1.0
2 3.399999999999996 -11.814098954600219 15.654611611857398 1.0
3 3.399999999999996 -10.682971473214828 18.329872762701871 1.0
4 3.399999999999996 12.590776541862718 -15.594914008522277 1.0
5 3.399999999999996 -1.240668480540592 12.515906501764002 1.0
6 3.399999999999996 3.283460350578477 -0.992511746077059 1.0
7 3.399999999999996 21.307214107677698 -1.890780205479457 1.0
8 3.399999999999996 3.472110578304731 13.125111552373237 1.0
9 3.399999999999996 16.125641363984784 -4.45084217050228 1.0
10 3.399999999999996 -1.993184599064322 13.773767232060647 1.0
11 3.399999999999996 25.628714301877412 19.383833745099167 1.0
12 3.399999999999996 9.817390118612019 -16.099836089655614 1.0
13 3.399999999999996 14.45835507512334 13.805051054160192 1.0
14 3.399999999999996 31.079708845412682 15.496363608638054 1.0
15 3.399999999999996 26.105711959895245 20.541518811214218 1.0
0 3.449999999999996 -13.611951290181034 -11.626900749477953 1.0
1 3.449999999999996 15.970197404226944 16.274534883411551 1.0
2 3.449999999999996 -11.985317780029208 15.736562504782867 1.0
3 3.449999999999996 -10.83779714673968 18.378131788248275 1.0
4 3.449999999999996 12.700787796092612 -15.8209272550226 1.0
5 3.449999999999996 -1.331112951273064 12.624832682948988 1.0
6 3.449999999999996 3.258582964354977 -1.151823510512958 1.0
7 3.449999999999996 21.543550544020853 -2.135574121500898 1.0
8 3.449999999999996 3.377503485236684 13.315330560378646 1.0
9 3.449999999999996 16.214418775057027 -4.587810897611008 1.0
10 3.449999999999996 -2.166998868615978 13.828459510786164 1.0
11 3.449999999999996 25.855217407701723 19.447367567491909 1.0
12 3.449999999999996 9.742279830475962 -16.33316704747671 1.0
13 3.449999999999996 14.450505148675852 13.932660489727731 1.0
14 3.449999999999996 31.312748104041852 15.576021052241504 1.0
15 3.449999999999996 26.266664307140104 20.621830678043409 1.0
0 3.499999999999996 -13.806407737183621 -11.792999331613352 1.0
1 3.499999999999996 16.198343081430185 16.435599667460288 1.0
2 3.499999999999996 -12.156536605458196 15.818513397708337 1.0
3 3.499999999999996 -10.992622820264533 18.426390813794679 1.0
4 3.499999999999996 12.810799050322506 -16.046940501522922 1.0
5 3.499999999999996 -1.421557422005536 12.733758864133973 1.0
6 3.499999999999996 3.233705578131477 -1.311135274948858 1.0
7 3.499999999999996 21.779886980364008 -2.380368037522339 1.0
8 3.499999999999996 3.282896392168636 13.505549568384055 1.0
9 3.499999999999996 16.30319618612927 -4.724779624719736 1.0
10 3.499999999999996 -2.340813138167635 13.883151789511681 1.0
11 3.499999999999996 26.081720513526033 19.510901389884651 1.0
12 3.499999999999996 9.667169542339904 -16.566498005297806 1.0
13 3.499999999999996 14.442655222228364 14.06026992529527 1.0
14 3.499999999999996 31.545787362671021 15.655678495844954 1.0
15 3.499999999999996 26.427616654384963 20.702142544872601 1.0
0 3.549999999999995 -14.000864184186208 -11.959097913748751 1.0
1 3.549999999999995 16.426488758633425 16.596664451509024 1.0
2 3.549999999999995 -12.327755430887185 15.900464290633806 1.0
3 3.549999999999995 -11.147448493789385 18.474649839341083 1.0
4 3.549999999999995 12.920810304552401 -16.272953748023244 1.0
5 3.549999999999995 -1.512001892738009 12.842685045318959 1.0
6 3.549999999999995 3.208828191907976 -1.470447039384757 1.0
7 3.549999999999995 22.016223416707163 -2.625161953543781 1.0
8 3.549999999999995 3.188289299100589 13.695768576389463 1.0
9 3.549999999999995 16.391973597201513 -4.861748351828465 1.0
10 3.549999999999995 -2.514627407719292 13.937844068237197 1.0
11 3.549999999999995 26.308223619350343 19.574435212277393 1.0
12 3.549999999999995 9.592059254203846 -16.799828963118902 1.0
13 3.549999999999995 14.434805295780876 14.187879360862809 1.0
14 3.549999999999995 31.77882662130019 15.735335939448404 1.0
15 3.549999999999995 26.588569001629821 20.782454411701792 1.0
0 3.599999999999995 -14.195320631188794 -12.12519649588415 1.0
1 3.599999999999995 16.654634435836666 16.757729235557761 1.0
2 3.599999999999995 -12.498974256316174 15.982415183559276 1.0
3 3.599999999999995 -11.302274167314238 18.522908864887487 1.0
4 3.599999999999995 13.030821558782295 -16.498966994523567 1.0
5 3.599999999999995 -1.602446363470481 12.951611226503944 1.0
6 3.599999999999995 3.183950805684476 -1.629758803820656 1.0
7 3.599999999999995 22.252559853050318 -2.869955869565222 1.0
8 3.599999999999995 3.093682206032542 13.885987584394872 1.0
9 3.599999999999995 16.480751008273756 -4.998717078937193 1.0
10 3.599999999999995 -2.688441677270948 13.992536346962714 1.0
11 3.599999999999995 26.534726725174654 19.637969034670135 1.0
12 3.599999999999995 9.516948966067789 -17.033159920939998 1.0
13 3.599999999999995 14.426955369333388 14.315488796430348 1.0
14 3.599999999999995 32.01186587992936 15.814993383051855 1.0
15 3.599999999999995 26.74952134887468 20.862766278530984 1.0
0 3.649999999999995 -14.389777078191381 -12.29129507801955 1.0
1 3.649999999999995 16.882780113039907 16.918794019606498 1.0
2 3.649999999999995 -12.670193081745163 16.064366076484745 1.0
3 3.649999999999995 -11.45709984083909 18.571167890433891 1.0
4 3.649999999999995 13.140832813012189 -16.724980241023889 1.0
5 3.649999999999995 -1.692890834202953 13.06053740768893 1.0
6 3.649999999999995 3.159073419460976 -1.789070568256555 1.0
7 3.649999999999995 22.488896289393473 -3.114749785586663 1.0
8 3.649999999999995 2.999075112964494 14.076206592400281 1.0
9 3.649999999999995 16.569528419346 -5.135685806045921 1.0
10 3.649999999999995 -2.862255946822605 14.047228625688231 1.0
11 3.649999999999995 26.761229830998964 19.701502857062877 1.0
12 3.649999999999995 9.441838677931731 -17.266490878761093 1.0
13 3.649999999999995 14.4191054428859 14.443098231997887 1.0
14 3.649999999999995 32.244905138558529 15.894650826655305 1.0
15 3.649999999999995 26.910473696119539 20.943078145360175 1.0
0 3.699999999999995 -14.584233525193968 -12.457393660154949 1.0
1 3.699999999999995 17.110925790243147 17.079858803655235 1.0
2 3.699999999999995 -12.841411907174152 16.146316969410215 1.0
3 3.699999999999995 -11.611925514363943 18.619426915980295 1.0
4 3.699999999999995 13.250844067242083 -16.950993487524212 1.0
5 3.699999999999995 -1.783335304935425 13.169463588873915 1.0
6 3.699999999999995 3.134196033237475 -1.948382332692455 1.0
7 3.699999999999995 22.725232725736628 -3.359543701608105 1.0
8 3.699999999999995 2.904468019896447 14.26642560040569 1.0
9 3.699999999999995 16.658305830418243 -5.272654533154649 1.0
10 3.699999999999995 -3.036070216374262 14.101920904413747 1.0
11 3.699999999999995 26.987732936823274 19.765036679455619 1.0
12 3.699999999999995 9.366728389795673 -17.499821836582189 1.0
13 3.699999999999995 14.411255516438413 14.570707667565426 1.0
14 3.699999999999995 32.477944397187699 15.974308270258755 1.0
15 3.699999999999995 27.071426043364397 21.023390012189367 1.0
0 3.749999999999995 -14.778689972196554 -12.623492242290348 1.0
1 3.749999999999995 17.339071467446388 17.240923587703971 1.0
2 3.749999999999995 -13.012630732603141 16.228267862335684 1.0
3 3.749999999999995 -11.766751187888795 18.667685941526699 1.0
4 3.749999999999995 13.360855321471977 -17.177006734024534 1.0
5 3.749999999999995 -1.873779775667898 13.278389770058901 1.0
6 3.749999999999995 3.109318647013975 -2.107694097128354 1.0
7 3.749999999999995 22.961569162079783 -3.604337617629546 1.0
8 3.749999999999995 2.809860926828399 14.456644608411098 1.0
9 3.749999999999995 16.747083241490486 -5.409623260263378 1.0
10 3.749999999999995 -3.209884485925918 14.156613183139264 1.0
11 3.749999999999995 27.214236042647585 19.828570501848361 1.0
12 3.749999999999995 9.291618101659616 -17.733152794403285 1.0
13 3.749999999999995 14.403405589990925 14.698317103132965 1.0
14 3.749999999999995 32.710983655816868 16.053965713862205 1.0
15 3.749999999999995 27.232378390609256 21.103701879018558 1.0
0 3.799999999999994 -14.973146419199141 -12.789590824425748 1.0
1 3.799999999999994 17.567217144649629 17.401988371752708 1.0
2 3.799999999999994 -13.183849558032129 16.310218755261154 1.0
3 3.799999999999994 -11.921576861413648 18.715944967073103 1.0
4 3.799999999999994 13.470866575701871 -17.403019980524856 1.0
5 3.799999999999994 -1.96422424640037 13.387315951243886 1.0
6 3.799999999999994 3.084441260790475 -2.267005861564253 1.0
7 3.799999999999994 23.197905598422938 -3.849131533650988 1.0
8 3.799999999999994 2.715253833760352 14.646863616416507 1.0
9 3.799999999999994 16.835860652562729 -5.546591987372106 1.0
10 3.799999999999994 -3.383698755477575 14.21130546186478 1.0
11 3.799999999999994 27.440739148471895 19.892104324241103 1.0
12 3.799999999999994 9.216507813523558 -17.966483752224381 1.0
13 3.799999999999994 14.395555663543437 14.825926538700504 1.0
14 3.799999999999994 32.944022914446037 16.133623157465653 1.0
15 3.799999999999994 27.393330737854114 21.18401374584775 1.0
0 3.849999999999994 -15.167602866201728 -12.955689406561147 1.0
1 3.849999999999994 17.795362821852869 17.563053155801445 1.0
2 3.849999999999994 -13.355068383461118 16.392169648186623 1.0
3 3.849999999999994 -12.0764025349385 18.764203992619507 1.0
4 3.849999999999994 13.580877829931765 -17.629033227025179 1.0
5 3.849999999999994 -2.054668717132842 13.496242132428872 1.0
6 3.849999999999994 3.059563874566974 -2.426317626000152 1.0
7 3.849999999999994 23.434242034766093 -4.093925449672429 1.0
8 3.849999999999994 2.620646740692305 14.837082624421916 1.0
9 3.849999999999994 16.924638063634973 -5.683560714480834 1.0
10 3.849999999999994 -3.557513025029232 14.265997740590297 1.0
11 3.849999999999994 27.667242254296205 19.955638146633845 1.0
12 3.849999999999994 9.1413975253875 -18.199814710045477 1.0
13 3.849999999999994 14.387705737095949 14.953535974268043 1.0
14 3.849999999999994 33.177062173075207 16.213280601069101 1.0
15 3.849999999999994 27.554283085098973 21.264325612676942 1.0
0 3.899999999999994 -15.362059313204314 -13.121787988696546 1.0
1 3.899999999999994 18.02350849905611 17.724117939850181 1.0
2 3.899999999999994 -13.526287208890107 16.474120541112093 1.0
3 3.899999999999994 -12.231228208463353 18.812463018165911 1.0
4 3.899999999999994 13.690889084161659 -17.855046473525501 1.0
5 3.899999999999994 -2.145113187865315 13.605168313613857 1.0
6 3.899999999999994 3.034686488343474 -2.585629390436051 1.0
7 3.899999999999994 23.670578471109248 -4.33871936569387 1.0
8 3.899999999999994 2.526039647624257 15.027301632427324 1.0
9 3.899999999999994 17.013415474707216 -5.820529441589563 1.0
10 3.899999999999994 -3.731327294580888 14.320690019315814 1.0
11 3.899999999999994 27.893745360120516 20.019171969026587 1.0
12 3.899999999999994 9.066287237251442 -18.433145667866572 1.0
13 3.899999999999994 14.379855810648461 15.081145409835582 1.0
14 3.899999999999994 33.410101431704376 16.29293804467255 1.0
15 3.899999999999994 27.715235432343832 21.344637479506133 1.0
0 3.949999999999994 -15.556515760206901 -13.287886570831946 1.0
1 3.949999999999994 18.25165417625935 17.885182723898918 1.0
2 3.949999999999994 -13.697506034319096 16.556071434037563 1.0
3 3.949999999999994 -12.386053881988206 18.860722043712315 1.0
4 3.949999999999994 13.800900338391553 -18.081059720025824 1.0
5 3.949999999999994 -2.235557658597787 13.714094494798843 1.0
6 3.949999999999994 3.009809102119974 -2.744941154871951 1.0
7 3.949999999999994 23.906914907452403 -4.583513281715311 1.0
8 3.949999999999994 2.43143255455621 15.217520640432733 1.0
9 3.949999999999994 17.102192885779459 -5.957498168698291 1.0
10 3.949999999999994 -3.905141564132545 14.37538229804133 1.0
11 3.949999999999994 28.120248465944826 20.082705791419329 1.0
12 3.949999999999994 8.991176949115385 -18.666476625687668 1.0
13 3.949999999999994 14.372005884200973 15.208754845403121 1.0
14 3.949999999999994 33.643140690333546 16.372595488275998 1.0
15 3.949999999999994 27.87618777958869 21.424949346335325 1.0
0 3.999999999999994 -15.750972207209488 -13.453985152967345 1.0
1 3.999999999999994 18.479799853462591 18.046247507947655 1.0
2 3.999999999999994 -13.868724859748085 16.638022326963032 1.0
3 3.999999999999994 -12.540879555513058 18.908981069258719 1.0
4 3.999999999999994 13.910911592621447 -18.307072966526146 1.0
5 3.999999999999994 -2.326002129330259 13.823020675983829 1.0
6 3.999999999999994 2.984931715896473 -2.90425291930785 1.0
7 3.999999999999994 24.143251343795558 -4.828307197736753 1.0
8 3.999999999999994 2.336825461488163 15.407739648438142 1.0
9 3.999999999999994 17.190970296851702 -6.094466895807019 1.0
10 3.999999999999994 -4.078955833684202 14.430074576766847 1.0
11 3.999999999999994 28.346751571769136 20.146239613812071 1.0
12 3.999999999999994 8.916066660979327 -18.899807583508764 1.0
13 3.999999999999994 14.364155957753486 15.33636428097066 1.0
14 3.999999999999994 33.876179948962715 16.452252931879446 1.0
15 3.999999999999994 28.037140126833549 21.505261213164516 1.0
0 4.049999999999994 -15.945428654212074 -13.620083735102744 1.0
1 4.049999999999994 18.707945530665832 18.207312291996391 1.0
2 4.049999999999994 -14.039943685177073 16.719973219888502 1.0
3 4.049999999999994 -12.695705229037911 18.957240094805123 1.0
4 4.049999999999994 14.020922846851342 -18.533086213026468 1.0
5 4.049999999999994 -2.416446600062732 13.931946857168814 1.0
6 4.049999999999994 2.960054329672973 -3.063564683743749 1.0
7 4.049999999999994 24.379587780138714 -5.073101113758194 1.0
8 4.049999999999994 2.242218368420115 15.59795865644355 1.0
9 4.049999999999994 17.279747707923946 -6.231435622915748 1.0
10 4.049999999999994 -4.252770103235859 14.484766855492364 1.0
11 4.049999999999994 28.573254677593447 20.209773436204813 1.0
12 4.049999999999994 8.840956372843269 -19.13313854132986 1.0
13 4.049999999999994 14.356306031305998 15.463973716538199 1.0
14 4.049999999999994 34.109219207591885 16.531910375482894 1.0
15 4.049999999999994 28.198092474078408 21.585573079993708 1.0
0 4.099999999999993 -16.139885101214659 -13.786182317238143 1.0
1 4.099999999999993 18.936091207869072 18.368377076045128 1.0
2 4.099999999999993 -14.211162510606062 16.801924112813971 1.0
3 4.099999999999993 -12.850530902562763 19.005499120351526 1.0
4 4.099999999999993 14.130934101081236 -18.759099459526791 1.0
5 4.099999999999993 -2.506891070795204 14.0408730383538 1.0
6 4.099999999999993 2.935176943449473 -3.222876448179648 1.0
7 4.099999999999993 24.615924216481869 -5.317895029779636 1.0
8 4.099999999999993 2.147611275352068 15.788177664448959 1.0
9 4.099999999999993 17.368525118996189 -6.368404350024476 1.0
10 4.099999999999993 -4.426584372787516 14.53945913421788 1.0
11 4.099999999999993 28.799757783417757 20.273307258597555 1.0
12 4.099999999999993 8.765846084707212 -19.366469499150956 1.0
13 4.099999999999993 14.34845610485851 15.591583152105738 1.0
14 4.099999999999993 34.342258466221054 16.611567819086343 1.0
15 4.099999999999993 28.359044821323266 21.665884946822899 1.0
0 4.149999999999993 -16.334341548217246 -13.952280899373543 1.0
1 4.149999999999993 19.164236885072313 18.529441860093865 1.0
2 4.149999999999993 -14.382381336035051 16.883875005739441 1.0
3 4.149999999999993 -13.005356576087616 19.05375814589793 1.0
4 4.149999999999993 14.24094535531113 -18.985112706027113 1.0
5 4.149999999999993 -2.597335541527676 14.149799219538785 1.0
6 4.149999999999993 2.910299557225972 -3.382188212615548 1.0
7 4.149999999999993 24.852260652825024 -5.562688945801077 1.0
8 4.149999999999993 2.05300418228402 15.978396672454368 1.0
9 4.149999999999993 17.457302530068432 -6.505373077133204 1.0
10 4.149999999999993 -4.600398642339172 14.594151412943397 1.0
11 4.149999999999993 29.026260889242067 20.336841080990297 1.0
12 4.149999999999993 8.690735796571154 -19.599800456972051 1.0
13 4.149999999999993 14.340606178411022 15.719192587673277 1.0
14 4.149999999999993 34.575297724850223 16.691225262689791 1.0
15 4.149999999999993 28.519997168568125 21.746196813652091 1.0
0 4.199999999999993 -16.528797995219833 -14.118379481508942 1.0
1 4.199999999999993 19.392382562275554 18.690506644142602 1.0
2 4.199999999999993 -14.55360016146404 16.96582589866491 1.0
3 4.199999999999993 -13.160182249612468 19.102017171444334 1.0
4 4.199999999999993 14.350956609541024 -19.211125952527436 1.0
5 4.199999999999993 -2.687780012260149 14.258725400723771 1.0
6 4.199999999999993 2.885422171002472 -3.541499977051447 1.0
7 4.199999999999993 25.088597089168179 -5.807482861822518 1.0
8 4.199999999999993 1.958397089215973 16.168615680459776 1.0
9 4.199999999999993 17.546079941140675 -6.642341804241933 1.0
10 4.199999999999993 -4.774212911890829 14.648843691668914 1.0
11 4.199999999999993 29.252763995066378 20.400374903383039 1.0
12 4.199999999999993 8.615625508435096 -19.833131414793147 1.0
13 4.199999999999993 14.332756251963534 15.846802023240816 1.0
14 4.199999999999993 34.808336983479393 16.770882706293239 1.0
15 4.199999999999993 28.680949515812983 21.826508680481282 1.0
0 4.249999999999993 -16.723254442222419 -14.284478063644341 1.0
1 4.249999999999993 19.620528239478794 18.851571428191338 1.0
2 4.249999999999993 -14.724818986893029 17.04777679159038 1.0
3 4.249999999999993 -13.315007923137321 19.150276196990738 1.0
4 4.249999999999993 14.460967863770918 -19.437139199027758 1.0
5 4.249999999999993 -2.778224482992621 14.367651581908756 1.0
6 4.249999999999993 2.860544784778972 -3.700811741487346 1.0
7 4.249999999999993 25.324933525511334 -6.05227677784396 1.0
8 4.249999999999993 1.863789996147926 16.358834688465187 1.0
9 4.249999999999993 17.634857352212919 -6.779310531350661 1.0
10 4.249999999999993 -4.948027181442486 14.70353597039443 1.0
11 4.249999999999993 29.479267100890688 20.463908725775781 1.0
12 4.249999999999993 8.540515220299039 -20.066462372614243 1.0
13 4.249999999999993 14.324906325516046 15.974411458808355 1.0
14 4.249999999999993 35.041376242108562 16.850540149896688 1.0
15 4.249999999999993 28.841901863057842 21.906820547310474 1.0
0 4.299999999999993 -16.917710889225006 -14.450576645779741 1.0
1 4.299999999999993 19.848673916682035 19.012636212240075 1.0
2 4.299999999999993 -14.896037812322017 17.129727684515849 1.0
3 4.299999999999993 -13.469833596662173 19.198535222537142 1.0
4 4.299999999999993 14.570979118000812 -19.66315244552808 1.0
5 4.299999999999993 -2.868668953725093 14.476577763093742 1.0
6 4.299999999999993 2.835667398555471 -3.860123505923245 1.0
7 4.299999999999993 25.561269961854489 -6.297070693865401 1.0
8 4.299999999999993 1.769182903079879 16.549053696470597 1.0
9 4.299999999999993 17.723634763285162 -6.916279258459389 1.0
10 4.299999999999993 -5.121841450994142 14.758228249119947 1.0
11 4.299999999999993 29.705770206714998 20.527442548168523 1.0
12 4.299999999999993 8.465404932162981 -20.299793330435339 1.0
13 4.299999999999993 14.317056399068559 16.102020894375894 1.0
14 4.299999999999993 35.274415500737732 16.930197593500136 1.0
15 4.299999999999993 29.002854210302701 21.987132414139666 1.0
0 4.349999999999993 -17.112167336227593 -14.61667522791514 1.0
1 4.349999999999993 20.076819593885276 19.173700996288812 1.0
2 4.349999999999993 -15.067256637751006 17.211678577441319 1.0
3 4.349999999999993 -13.624659270187026 19.246794248083546 1.0
4 4.349999999999993 14.680990372230706 -19.889165692028403 1.0
5 4.349999999999993 -2.959113424457565 14.585503944278727 1.0
6 4.349999999999993 2.810790012331971 -4.019435270359144 1.0
7 4.349999999999993 25.797606398197644 -6.541864609886843 1.0
8 4.349999999999993 1.674575810011832 16.739272704476008 1.0
9 4.349999999999993 17.812412174357405 -7.053247985568118 1.0
10 4.349999999999993 -5.295655720545799 14.812920527845463 1.0
11 4.349999999999993 29.932273312539309 20.590976370561265 1.0
12 4.349999999999993 8.390294644026923 -20.533124288256435 1.0
13 4.349999999999993 14.309206472621071 16.229630329943433 1.0
14 4.349999999999993 35.507454759366901 17.009855037103584 1.0
15 4.349999999999993 29.163806557547559 22.067444280968857 1.0
0 4.399999999999992 -17.306623783230179 -14.782773810050539 1.0
1 4.399999999999992 20.304965271088516 19.334765780337548 1.0
2 4.399999999999992 -15.238475463179995 17.293629470366788 1.0
3 4.399999999999992 -13.779484943711878 19.29505327362995 1.0
4 4.399999999999992 14.7910016264606 -20.115178938528725 1.0
5 4.399999999999992 -3.049557895190038 14.694430125463713 1.0
6 4.399999999999992 2.785912626108471 -4.178747034795044 1.0
7 4.399999999999992 26.033942834540799 -6.786658525908284 1.0
8 4.399999999999992 1.579968716943785 16.929491712481418 1.0
9 4.399999999999992 17.901189585429648 -7.190216712676846 1.0
10 4.399999999999992 -5.469469990097456 14.86761280657098 1.0
11 4.399999999999992 30.158776418363619 20.654510192954007 1.0
12 4.399999999999992 8.315184355890866 -20.76645524607753 1.0
13 4.399999999999992 14.301356546173583 16.357239765510972 1.0
14 4.399999999999992 35.74049401799607 17.089512480707032 1.0
15 4.399999999999992 29.324758904792418 22.147756147798049 1.0
0 4.449999999999992 -17.501080230232766 -14.948872392185939 1.0
1 4.449999999999992 20.533110948291757 19.495830564386285 1.0
2 4.449999999999992 -15.409694288608984 17.375580363292258 1.0
3 4.449999999999992 -13.934310617236731 19.343312299176354 1.0
4 4.449999999999992 14.901012880690494 -20.341192185029048 1.0
5 4.449999999999992 -3.14000236592251 14.803356306648698 1.0
6 4.449999999999992 2.76103523988497 -4.338058799230943 1.0
7 4.449999999999992 26.270279270883954 -7.031452441929726 1.0
8 4.449999999999992 1.485361623875737 17.119710720486829 1.0
9 4.449999999999992 17.989966996501892 -7.327185439785574 1.0
10 4.449999999999992 -5.643284259649112 14.922305085296497 1.0
11 4.449999999999992 30.385279524187929 20.718044015346749 1.0
12 4.449999999999992 8.240074067754808 -20.999786203898626 1.0
13 4.449999999999992 14.293506619726095 16.484849201078511 1.0
14 4.449999999999992 35.97353327662524 17.169169924310481 1.0
15 4.449999999999992 29.485711252037277 22.22806801462724 1.0
0 4.499999999999992 -17.695536677235353 -15.114970974321338 1.0
1 4.499999999999992 20.761256625494998 19.656895348435022 1.0
2 4.499999999999992 -15.580913114037973 17.457531256217727 1.0
3 4.499999999999992 -14.089136290761584 19.391571324722758 1.0
4 4.499999999999992 15.011024134920389 -20.56720543152937 1.0
5 4.499999999999992 -3.230446836654982 14.912282487833684 1.0
6 4.499999999999992 2.73615785366147 -4.497370563666842 1.0
7 4.499999999999992 26.506615707227109 -7.276246357951167 1.0
8 4.499999999999992 1.39075453080769 17.309929728492239 1.0
9 4.499999999999992 18.078744407574135 -7.464154166894303 1.0
10 4.499999999999992 -5.817098529200769 14.976997364022013 1.0
11 4.499999999999992 30.61178263001224 20.781577837739491 1.0
12 4.499999999999992 8.16496377961875 -21.233117161719722 1.0
13 4.499999999999992 14.285656693278607 16.61245863664605 1.0
14 4.499999999999992 36.206572535254409 17.248827367913929 1.0
15 4.499999999999992 29.646663599282135 22.308379881456432 1.0
0 4.549999999999992 -17.88999312423794 -15.281069556456737 1.0
1 4.549999999999992 20.989402302698238 19.817960132483758 1.0
2 4.549999999999992 -15.752131939466961 17.539482149143197 1.0
3 4.549999999999992 -14.243961964286436 19.439830350269162 1.0
4 4.549999999999992 15.121035389150283 -20.793218678029692 1.0
5 4.549999999999992 -3.320891307387455 15.021208669018669 1.0
6 4.549999999999992 2.71128046743797 -4.656682328102741 1.0
7 4.549999999999992 26.742952143570264 -7.521040273972608 1.0
8 4.549999999999992 1.296147437739643 17.50014873649765 1.0
9 4.549999999999992 18.167521818646378 -7.601122894003031 1.0
10 4.549999999999992 -5.990912798752426 15.03168964274753 1.0
11 4.549999999999992 30.83828573583655 20.845111660132233 1.0
12 4.549999999999992 8.089853491482693 -21.466448119540818 1.0
13 4.549999999999992 14.277806766831119 16.740068072213589 1.0
14 4.549999999999992 36.439611793883579 17.328484811517377 1.0
15 4.549999999999992 29.807615946526994 22.388691748285623 1.0
0 4.599999999999992 -18.084449571240526 -15.447168138592136 1.0
1 4.599999999999992 21.217547979901479 19.979024916532495 1.0
2 4.599999999999992 -15.92335076489595 17.621433042068666 1.0
3 4.599999999999992 -14.398787637811289 19.488089375815566 1.0
4 4.599999999999992 15.231046643380177 -21.019231924530015 1.0
5 4.599999999999992 -3.411335778119927 15.130134850203655 1.0
6 4.599999999999992 2.686403081214469 -4.815994092538641 1.0
7 4.599999999999992 26.979288579913419 -7.76583418999405 1.0
8 4.599999999999992 1.201540344671596 17.69036774450306 1.0
9 4.599999999999992 18.256299229718621 -7.738091621111759 1.0
10 4.599999999999992 -6.164727068304082 15.086381921473047 1.0
11 4.599999999999992 31.06478884166086 20.908645482524975 1.0
12 4.599999999999992 8.014743203346635 -21.699779077361914 1.0
13 4.599999999999992 14.269956840383632 16.867677507781128 1.0
14 4.599999999999992 36.672651052512748 17.408142255120826 1.0
15 4.599999999999992 29.968568293771852 22.469003615114815 1.0
0 4.649999999999991 -18.278906018243113 -15.613266720727536 1.0
1 4.649999999999991 21.445693657104719 20.140089700581232 1.0
2 4.649999999999991 -16.094569590324937 17.703383934994136 1.0
3 4.649999999999991 -14.553613311336141 19.53634840136197 1.0
4 4.649999999999991 15.341057897610071 -21.245245171030337 1.0
5 4.649999999999991 -3.501780248852399 15.239061031388641 1.0
6 4.649999999999991 2.661525694990969 -4.97530585697454 1.0
7 4.649999999999991 27.215625016256574 -8.01062810601549 1.0
8 4.649999999999991 1.106933251603549 17.880586752508471 1.0
9 4.649999999999991 18.345076640790865 -7.875060348220488 1.0
10 4.649999999999991 -6.338541337855739 15.141074200198563 1.0
11 4.649999999999991 31.291291947485171 20.972179304917717 1.0
12 4.649999999999991 7.939632915210577 -21.93311003518301 1.0
13 4.649999999999991 14.262106913936144 16.995286943348667 1.0
14 4.649999999999991 36.905690311141917 17.487799698724274 1.0
15 4.649999999999991 30.129520641016711 22.549315481944006 1.0
0 4.699999999999991 -18.4733624652457 -15.779365302862935 1.0
1 4.699999999999991 21.67383933430796 20.301154484629969 1.0
2 4.699999999999991 -16.265788415753924 17.785334827919606 1.0
3 4.699999999999991 -14.708438984860994 19.584607426908374 1.0
4 4.699999999999991 15.451069151839965 -21.47125841753066 1.0
5 4.699999999999991 -3.592224719584872 15.347987212573626 1.0
6 4.699999999999991 2.636648308767469 -5.134617621410439 1.0
7 4.699999999999991 27.451961452599729 -8.255422022036932 1.0
8 4.699999999999991 1.012326158535502 18.070805760513881 1.0
9 4.699999999999991 18.433854051863108 -8.012029075329217 1.0
10 4.699999999999991 -6.512355607407396 15.19576647892408 1.0
11 4.699999999999991 31.517795053309481 21.035713127310459 1.0
12 4.699999999999991 7.864522627074519 -22.166440993004105 1.0
13 4.699999999999991 14.254256987488656 17.122896378916206 1.0
14 4.699999999999991 37.138729569771087 17.567457142327722 1.0
15 4.699999999999991 30.29047298826157 22.629627348773198 1.0
0 4.749999999999991 -18.667818912248286 -15.945463884998334 1.0
1 4.749999999999991 21.901985011511201 20.462219268678705 1.0
2 4.749999999999991 -16.437007241182911 17.867285720845075 1.0
3 4.749999999999991 -14.863264658385846 19.632866452454778 1.0
4 4.749999999999991 15.561080406069859 -21.697271664030982 1.0
5 4.749999999999991 -3.682669190317344 15.456913393758612 1.0
6 4.749999999999991 2.611770922543968 -5.293929385846338 1.0
7 4.749999999999991 27.688297888942884 -8.500215938058373 1.0
8 4.749999999999991 0.917719065467455 18.261024768519292 1.0
9 4.749999999999991 18.522631462935351 -8.148997802437945 1.0
10 4.749999999999991 -6.686169876959053 15.250458757649596 1.0
11 4.749999999999991 31.744298159133791 21.0992469497032 1.0
12 4.749999999999991 7.789412338938462 -22.399771950825201 1.0
13 4.749999999999991 14.246407061041168 17.250505814483745 1.0
14 4.749999999999991 37.371768828400256 17.64711458593117 1.0
15 4.749999999999991 30.451425335506428 22.70993921560239 1.0
0 4.799999999999991 -18.862275359250873 -16.111562467133734 1.0
1 4.799999999999991 22.130130688714441 20.623284052727442 1.0
2 4.799999999999991 -16.608226066611898 17.949236613770545 1.0
3 4.799999999999991 -15.018090331910699 19.681125478001182 1.0
4 4.799999999999991 15.671091660299753 -21.923284910531304 1.0
5 4.799999999999991 -3.773113661049816 15.565839574943597 1.0
6 4.799999999999991 2.586893536320468 -5.453241150282238 1.0
7 4.799999999999991 27.924634325286039 -8.745009854079814 1.0
8 4.799999999999991 0.823111972399407 18.451243776524702 1.0
9 4.799999999999991 18.611408874007594 -8.285966529546673 1.0
10 4.799999999999991 -6.859984146510709 15.305151036375113 1.0
11 4.799999999999991 31.970801264958101 21.162780772095942 1.0
12 4.799999999999991 7.714302050802404 -22.633102908646297 1.0
13 4.799999999999991 14.23855713459368 17.378115250051284 1.0
14 4.799999999999991 37.604808087029426 17.726772029534619 1.0
15 4.799999999999991 30.612377682751287 22.790251082431581 1.0
0 4.849999999999991 -19.05673180625346 -16.277661049269135 1.0
1 4.849999999999991 22.358276365917682 20.784348836776179 1.0
2 4.849999999999991 -16.779444892040885 18.031187506696014 1.0
3 4.849999999999991 -15.172916005435551 19.729384503547585 1.0
4 4.849999999999991 15.781102914529647 -22.149298157031627 1.0
5 4.849999999999991 -3.863558131782288 15.674765756128583 1.0
6 4.849999999999991 2.562016150096968 -5.612552914718137 1.0
7 4.849999999999991 28.160970761629194 -8.989803770101256 1.0
8 4.849999999999991 0.72850487933136 18.641462784530113 1.0
9 4.849999999999991 18.700186285079837 -8.422935256655402 1.0
10 4.849999999999991 -7.033798416062366 15.35984331510063 1.0
11 4.849999999999991 32.197304370782412 21.226314594488684 1.0
12 4.849999999999991 7.639191762666346 -22.866433866467393 1.0
13 4.849999999999991 14.230707208146192 17.505724685618823 1.0
14 4.849999999999991 37.837847345658595 17.806429473138067 1.0
15 4.849999999999991 30.773330029996146 22.870562949260773 1.0
0 4.899999999999991 -19.251188253256046 -16.443759631404536 1.0
1 4.899999999999991 22.586422043120923 20.945413620824915 1.0
2 4.899999999999991 -16.950663717469872 18.113138399621484 1.0
3 4.899999999999991 -15.327741678960404 19.777643529093989 1.0
4 4.899999999999991 15.891114168759541 -22.375311403531949 1.0
5 4.899999999999991 -3.954002602514761 15.783691937313568 1.0
6 4.899999999999991 2.537138763873467 -5.771864679154036 1.0
7 4.899999999999991 28.397307197972349 -9.234597686122697 1.0
8 4.899999999999991 0.633897786263313 18.831681792535523 1.0
9 4.899999999999991 18.788963696152081 -8.55990398376413 1.0
10 4.899999999999991 -7.207612685614023 15.414535593826146 1.0
11 4.899999999999991 32.423807476606719 21.289848416881426 1.0
12 4.899999999999991 7.564081474530289 -23.099764824288489 1.0
13 4.899999999999991 14.222857281698705 17.633334121186362 1.0
14 4.899999999999991 38.070886604287764 17.886086916741515 1.0
15 4.899999999999991 30.934282377241004 22.950874816089964 1.0
0 4.94999999999999 -19.445644700258633 -16.609858213539937 1.0
1 4.94999999999999 22.814567720324163 21.106478404873652 1.0
2 4.94999999999999 -17.121882542898859 18.195089292546953 1.0
3 4.94999999999999 -15.482567352485257 19.825902554640393 1.0
4 4.94999999999999 16.001125422989436 -22.601324650032272 1.0
5 4.94999999999999 -4.044447073247233 15.892618118498554 1.0
6 4.94999999999999 2.512261377649967 -5.931176443589935 1.0
7 4.94999999999999 28.633643634315504 -9.479391602144139 1.0
8 4.94999999999999 0.539290693195266 19.021900800540934 1.0
9 4.94999999999999 18.877741107224324 -8.696872710872858 1.0
10 4.94999999999999 -7.381426955165679 15.469227872551663 1.0
11 4.94999999999999 32.650310582431025 21.353382239274168 1.0
12 4.94999999999999 7.488971186394231 -23.333095782109584 1.0
13 4.94999999999999 14.215007355251217 17.760943556753901 1.0
14 4.94999999999999 38.303925862916934 17.965744360344964 1.0
15 4.94999999999999 31.095234724485863 23.031186682919156 1.0
0 4.99999999999999 -19.64010114726122 -16.775956795675338 1.0
1 4.99999999999999 23.042713397527404 21.267543188922389 1.0
2 4.99999999999999 -17.293101368327847 18.277040185472423 1.0
3 4.99999999999999 -15.637393026010109 19.874161580186797 1.0
4 4.99999999999999 16.111136677219331 -22.827337896532594 1.0
5 4.99999999999999 -4.134891543979705 16.001544299683538 1.0
6 4.99999999999999 2.487383991426467 -6.090488208025834 1.0
7 4.99999999999999 28.869980070658659 -9.72418551816558 1.0
8 4.99999999999999 0.444683600127219 19.212119808546344 1.0
9 4.99999999999999 18.966518518296567 -8.833841437981587 1.0
10 4.99999999999999 -7.555241224717336 15.52392015127718 1.0
11 4.99999999999999 32.876813688255332 21.41691606166691 1.0
12 4.99999999999999 7.413860898258173 -23.56642673993068 1.0
13 4.99999999999999 14.207157428803729 17.88855299232144 1.0
14 4.99999999999999 38.536965121546103 18.045401803948412 1.0
15 4.99999999999999 31.256187071730722 23.111498549748347 1.0
