0 0.0 0.106561635659028 0.153086300995522 1.0
1 0.0 -0.19230914877848 4.959984358025242 1.0
2 0.0 4.815650516935948 0.238562162844028 1.0
3 0.0 4.930816674575142 4.776929165673079 1.0
0 0.05 0.213123271318055 0.306172601991045 1.0
1 0.05 -0.38461829755696 4.919968716050484 1.0
2 0.05 4.631301033871896 0.477124325688056 1.0
3 0.05 4.861633349150283 4.553858331346158 1.0
0 0.1 0.319684906977083 0.459258902986567 1.0
1 0.1 -0.576927446335439 4.879953074075726 1.0
2 0.1 4.446951550807844 0.715686488532084 1.0
3 0.1 4.792450023725425 4.330787497019236 1.0
0 0.15 0.426246542636111 0.61234520398209 1.0
1 0.15 -0.769236595113919 4.839937432100967 1.0
2 0.15 4.262602067743792 0.954248651376113 1.0
3 0.15 4.723266698300566 4.107716662692315 1.0
0 0.2 0.532808178295139 0.765431504977612 1.0
1 0.2 -0.961545743892399 4.799921790126209 1.0
2 0.2 4.07825258467974 1.192810814220141 1.0
3 0.2 4.654083372875708 3.884645828365394 1.0
0 0.25 0.639369813954166 0.918517805973135 1.0
1 0.25 -1.153854892670879 4.759906148151451 1.0
2 0.25 3.893903101615688 1.431372977064169 1.0
3 0.25 4.58490004745085 3.661574994038473 1.0
0 0.3 0.745931449613194 1.071604106968657 1.0
1 0.3 -1.346164041449359 4.719890506176693 1.0
2 0.3 3.709553618551636 1.669935139908197 1.0
3 0.3 4.515716722025991 3.438504159711552 1.0
0 0.35 0.852493085272222 1.22469040796418 1.0
1 0.35 -1.538473190227839 4.679874864201935 1.0
2 0.35 3.525204135487584 1.908497302752225 1.0
3 0.35 4.446533396601133 3.21543332538463 1.0
0 0.4 0.95905472093125 1.377776708959702 1.0
1 0.4 -1.730782339006318 4.639859222227177 1.0
2 0.4 3.340854652423532 2.147059465596254 1.0
3 0.4 4.377350071176275 2.992362491057709 1.0
0 0.45 1.065616356590277 1.530863009955224 1.0
1 0.45 -1.923091487784798 4.599843580252418 1.0
2 0.45 3.15650516935948 2.385621628440282 1.0
3 0.45 4.308166745751416 2.769291656730788 1.0
0 0.5 1.172177992249305 1.683949310950747 1.0
1 0.5 -2.115400636563278 4.55982793827766 1.0
2 0.5 2.972155686295428 2.62418379128431 1.0
3 0.5 4.238983420326558 2.546220822403867 1.0
0 0.55 1.278739627908333 1.837035611946269 1.0
1 0.55 -2.307709785341758 4.519812296302902 1.0
2 0.55 2.787806203231376 2.862745954128338 1.0
3 0.55 4.169800094901699 2.323149988076946 1.0
0 0.6 1.385301263567361 1.990121912941791 1.0
1 0.6 -2.500018934120238 4.479796654328144 1.0
2 0.6 2.603456720167324 3.101308116972366 1.0
3 0.6 4.100616769476841 2.100079153750024 1.0
0 0.65 1.491862899226388 2.143208213937314 1.0
1 0.65 -2.692328082898718 4.439781012353386 1.0
2 0.65 2.419107237103272 3.339870279816394 1.0
3 0.65 4.031433444051983 1.877008319423103 1.0
0 0.7 1.598424534885416 2.296294514932836 1.0
1 0.7 -2.884637231677198 4.399765370378628 1.0
2 0.7 2.234757754039221 3.578432442660421 1.0
3 0.7 3.962250118627124 1.653937485096181 1.0
0 0.75 1.704986170544444 2.449380815928358 1.0
1 0.75 -3.076946380455678 4.35974972840387 1.0
2 0.75 2.050408270975169 3.816994605504449 1.0
3 0.75 3.893066793202265 1.43086665076926 1.0
0 0.8 1.811547806203472 2.602467116923881 1.0
1 0.8 -3.269255529234158 4.319734086429111 1.0
2 0.8 1.866058787911116 4.055556768348477 1.0
3 0.8 3.823883467777406 1.207795816442339 1.0
0 0.85 1.9181094418625 2.755553417919403 1.0
1 0.85 -3.461564678012638 4.279718444454353 1.0
2 0.85 1.681709304847064 4.294118931192505 1.0
3 0.85 3.754700142352547 0.984724982115417 1.0
0 0.9 2.024671077521527 2.908639718914925 1.0
1 0.9 -3.653873826791118 4.239702802479595 1.0
2 0.9 1.497359821783012 4.532681094036533 1.0
3 0.9 3.685516816927688 0.761654147788496 1.0
0 0.95 2.131232713180555 3.061726019910448 1.0
1 0.95 -3.846182975569598 4.199687160504837 1.0
2 0.95 1.31301033871896 4.771243256880561 1.0
3 0.95 3.61633349150283 0.538583313461574 1.0
0 1.0 2.237794348839583 3.21481232090597 1.0
1 1.0 -4.038492124348078 4.159671518530079 1.0
2 1.0 1.128660855654908 5.009805419724589 1.0
3 1.0 3.547150166077971 0.315512479134653 1.0
0 1.05 2.34435598449861 3.367898621901492 1.0
1 1.05 -4.230801273126558 4.119655876555321 1.0
2 1.05 0.944311372590855 5.248367582568617 1.0
3 1.05 3.477966840653112 0.092441644807731 1.0
0 1.1 2.450917620157638 3.520984922897015 1.0
1 1.1 -4.423110421905038 4.079640234580562 1.0
2 1.1 0.759961889526803 5.486929745412645 1.0
3 1.1 3.408783515228253 -0.13062918951919 1.0
0 1.15 2.557479255816666 3.674071223892537 1.0
1 1.15 -4.615419570683518 4.039624592605804 1.0
2 1.15 0.575612406462751 5.725491908256673 1.0
3 1.15 3.339600189803394 -0.353700023846111 1.0
0 1.2 2.664040891475694 3.827157524888059 1.0
1 1.2 -4.807728719461998 3.999608950631046 1.0
2 1.2 0.391262923398699 5.964054071100701 1.0
3 1.2 3.270416864378535 -0.576770858173033 1.0
0 1.25 2.770602527134721 3.980243825883582 1.0
1 1.25 -5.000037868240478 3.959593308656288 1.0
2 1.25 0.206913440334647 6.202616233944729 1.0
3 1.25 3.201233538953677 -0.799841692499954 1.0
0 1.3 2.877164162793749 4.133330126879105 1.0
1 1.3 -5.192347017018959 3.91957766668153 1.0
2 1.3 0.022563957270595 6.441178396788757 1.0
3 1.3 3.132050213528818 -1.022912526826876 1.0
0 1.350000000000001 2.983725798452777 4.286416427874627 1.0
1 1.350000000000001 -5.384656165797439 3.879562024706772 1.0
2 1.350000000000001 -0.161785525793458 6.679740559632785 1.0
3 1.350000000000001 3.062866888103959 -1.245983361153797 1.0
0 1.400000000000001 3.090287434111805 4.43950272887015 1.0
1 1.400000000000001 -5.576965314575919 3.839546382732014 1.0
2 1.400000000000001 -0.34613500885751 6.918302722476813 1.0
3 1.400000000000001 2.9936835626791 -1.469054195480718 1.0
0 1.450000000000001 3.196849069770832 4.592589029865673 1.0
1 1.450000000000001 -5.769274463354399 3.799530740757255 1.0
2 1.450000000000001 -0.530484491921562 7.156864885320841 1.0
3 1.450000000000001 2.924500237254241 -1.69212502980764 1.0
0 1.500000000000001 3.30341070542986 4.745675330861196 1.0
1 1.500000000000001 -5.961583612132879 3.759515098782497 1.0
2 1.500000000000001 -0.714833974985614 7.395427048164869 1.0
3 1.500000000000001 2.855316911829382 -1.915195864134561 1.0
0 1.550000000000001 3.409972341088888 4.898761631856718 1.0
1 1.550000000000001 -6.153892760911359 3.719499456807739 1.0
2 1.550000000000001 -0.899183458049666 7.633989211008897 1.0
3 1.550000000000001 2.786133586404524 -2.138266698461483 1.0
0 1.600000000000001 3.516533976747916 5.051847932852241 1.0
1 1.600000000000001 -6.346201909689839 3.679483814832981 1.0
2 1.600000000000001 -1.083532941113718 7.872551373852925 1.0
3 1.600000000000001 2.716950260979665 -2.361337532788404 1.0
0 1.650000000000001 3.623095612406944 5.204934233847764 1.0
1 1.650000000000001 -6.538511058468319 3.639468172858223 1.0
2 1.650000000000001 -1.267882424177771 8.111113536696953 1.0
3 1.650000000000001 2.647766935554806 -2.584408367115325 1.0
0 1.700000000000001 3.729657248065971 5.358020534843287 1.0
1 1.700000000000001 -6.730820207246799 3.599452530883465 1.0
2 1.700000000000001 -1.452231907241823 8.349675699540981 1.0
3 1.700000000000001 2.578583610129947 -2.807479201442246 1.0
0 1.750000000000001 3.836218883724999 5.51110683583881 1.0
1 1.750000000000001 -6.923129356025279 3.559436888908706 1.0
2 1.750000000000001 -1.636581390305875 8.588237862385009 1.0
3 1.750000000000001 2.509400284705088 -3.030550035769167 1.0
0 1.800000000000001 3.942780519384027 5.664193136834332 1.0
1 1.800000000000001 -7.115438504803759 3.519421246933948 1.0
2 1.800000000000001 -1.820930873369927 8.826800025229037 1.0
3 1.800000000000001 2.440216959280229 -3.253620870096089 1.0
0 1.850000000000001 4.049342155043054 5.817279437829855 1.0
1 1.850000000000001 -7.307747653582239 3.47940560495919 1.0
2 1.850000000000001 -2.005280356433979 9.065362188073065 1.0
3 1.850000000000001 2.371033633855371 -3.47669170442301 1.0
0 1.900000000000001 4.155903790702082 5.970365738825378 1.0
1 1.900000000000001 -7.500056802360719 3.439389962984432 1.0
2 1.900000000000001 -2.189629839498031 9.303924350917093 1.0
3 1.900000000000001 2.301850308430512 -3.699762538749931 1.0
0 1.950000000000001 4.26246542636111 6.123452039820901 1.0
1 1.950000000000001 -7.692365951139199 3.399374321009674 1.0
2 1.950000000000001 -2.373979322562083 9.542486513761121 1.0
3 1.950000000000001 2.232666983005653 -3.922833373076852 1.0
0 2.000000000000001 4.369027062020137 6.276538340816423 1.0
1 2.000000000000001 -7.884675099917679 3.359358679034916 1.0
2 2.000000000000001 -2.558328805626135 9.781048676605149 1.0
3 2.000000000000001 2.163483657580794 -4.145904207403774 1.0
0 2.050000000000001 4.475588697679165 6.429624641811946 1.0
1 2.050000000000001 -8.076984248696158 3.319343037060158 1.0
2 2.050000000000001 -2.742678288690187 10.019610839449177 1.0
3 2.050000000000001 2.094300332155935 -4.368975041730695 1.0
0 2.100000000000001 4.582150333338193 6.582710942807469 1.0
1 2.100000000000001 -8.269293397474637 3.279327395085399 1.0
2 2.100000000000001 -2.927027771754239 10.258173002293205 1.0
3 2.100000000000001 2.025117006731076 -4.592045876057616 1.0
0 2.15 4.688711968997221 6.735797243802992 1.0
1 2.15 -8.461602546253117 3.239311753110641 1.0
2 2.15 -3.111377254818291 10.496735165137233 1.0
3 2.15 1.955933681306218 -4.815116710384538 1.0
0 2.2 4.795273604656249 6.888883544798515 1.0
1 2.2 -8.653911695031596 3.199296111135883 1.0
2 2.2 -3.295726737882343 10.735297327981261 1.0
3 2.2 1.886750355881359 -5.038187544711459 1.0
0 2.25 4.901835240315276 7.041969845794037 1.0
1 2.25 -8.846220843810075 3.159280469161125 1.0
2 2.25 -3.480076220946395 10.973859490825289 1.0
3 2.25 1.817567030456501 -5.26125837903838 1.0
0 2.3 5.008396875974304 7.19505614678956 1.0
1 2.3 -9.038529992588554 3.119264827186367 1.0
2 2.3 -3.664425704010447 11.212421653669317 1.0
3 2.3 1.748383705031642 -5.484329213365301 1.0
0 2.35 5.114958511633332 7.348142447785083 1.0
1 2.35 -9.230839141367033 3.079249185211609 1.0
2 2.35 -3.848775187074499 11.450983816513345 1.0
3 2.35 1.679200379606783 -5.707400047692222 1.0
0 2.399999999999999 5.22152014729236 7.501228748780606 1.0
1 2.399999999999999 -9.423148290145512 3.03923354323685 1.0
2 2.399999999999999 -4.033124670138551 11.689545979357373 1.0
3 2.399999999999999 1.610017054181925 -5.930470882019144 1.0
0 2.449999999999999 5.328081782951387 7.654315049776129 1.0
1 2.449999999999999 -9.615457438923992 2.999217901262092 1.0
2 2.449999999999999 -4.217474153202603 11.928108142201401 1.0
3 2.449999999999999 1.540833728757066 -6.153541716346065 1.0
0 2.499999999999999 5.434643418610415 7.807401350771651 1.0
1 2.499999999999999 -9.807766587702471 2.959202259287334 1.0
2 2.499999999999999 -4.401823636266655 12.166670305045429 1.0
3 2.499999999999999 1.471650403332208 -6.376612550672986 1.0
0 2.549999999999999 5.541205054269443 7.960487651767174 1.0
1 2.549999999999999 -10.00007573648095 2.919186617312576 1.0
2 2.549999999999999 -4.586173119330707 12.405232467889457 1.0
3 2.549999999999999 1.402467077907349 -6.599683384999907 1.0
0 2.599999999999999 5.647766689928471 8.113573952762696 1.0
1 2.599999999999999 -10.192384885259429 2.879170975337818 1.0
2 2.599999999999999 -4.770522602394759 12.643794630733485 1.0
3 2.599999999999999 1.33328375248249 -6.822754219326828 1.0
0 2.649999999999999 5.754328325587498 8.266660253758218 1.0
1 2.649999999999999 -10.384694034037908 2.83915533336306 1.0
2 2.649999999999999 -4.954872085458811 12.882356793577513 1.0
3 2.649999999999999 1.264100427057632 -7.04582505365375 1.0
0 2.699999999999998 5.860889961246526 8.41974655475374 1.0
1 2.699999999999998 -10.577003182816387 2.799139691388302 1.0
2 2.699999999999998 -5.139221568522863 13.120918956421541 1.0
3 2.699999999999998 1.194917101632773 -7.268895887980671 1.0
0 2.749999999999998 5.967451596905554 8.572832855749262 1.0
1 2.749999999999998 -10.769312331594866 2.759124049413543 1.0
2 2.749999999999998 -5.323571051586915 13.359481119265569 1.0
3 2.749999999999998 1.125733776207914 -7.491966722307592 1.0
0 2.799999999999998 6.074013232564582 8.725919156744784 1.0
1 2.799999999999998 -10.961621480373346 2.719108407438785 1.0
2 2.799999999999998 -5.507920534650967 13.598043282109597 1.0
3 2.799999999999998 1.056550450783056 -7.715037556634513 1.0
0 2.849999999999998 6.180574868223609 8.879005457740305 1.0
1 2.849999999999998 -11.153930629151825 2.679092765464027 1.0
2 2.849999999999998 -5.692270017715019 13.836605444953625 1.0
3 2.849999999999998 0.987367125358197 -7.938108390961435 1.0
0 2.899999999999998 6.287136503882637 9.032091758735827 1.0
1 2.899999999999998 -11.346239777930304 2.639077123489269 1.0
2 2.899999999999998 -5.87661950077907 14.075167607797653 1.0
3 2.899999999999998 0.918183799933339 -8.161179225288356 1.0
0 2.949999999999998 6.393698139541665 9.185178059731349 1.0
1 2.949999999999998 -11.538548926708783 2.599061481514511 1.0
2 2.949999999999998 -6.060968983843122 14.313729770641681 1.0
3 2.949999999999998 0.84900047450848 -8.384250059615278 1.0
0 2.999999999999997 6.500259775200693 9.338264360726871 1.0
1 2.999999999999997 -11.730858075487262 2.559045839539753 1.0
2 2.999999999999997 -6.245318466907174 14.552291933485709 1.0
3 2.999999999999997 0.779817149083621 -8.6073208939422 1.0
0 3.049999999999997 6.606821410859721 9.491350661722393 1.0
1 3.049999999999997 -11.923167224265741 2.519030197564994 1.0
2 3.049999999999997 -6.429667949971226 14.790854096329737 1.0
3 3.049999999999997 0.710633823658763 -8.830391728269122 1.0
0 3.099999999999997 6.713383046518748 9.644436962717915 1.0
1 3.099999999999997 -12.115476373044221 2.479014555590236 1.0
2 3.099999999999997 -6.614017433035278 15.029416259173765 1.0
3 3.099999999999997 0.641450498233904 -9.053462562596044 1.0
0 3.149999999999997 6.819944682177776 9.797523263713437 1.0
1 3.149999999999997 -12.3077855218227 2.438998913615478 1.0
2 3.149999999999997 -6.79836691609933 15.267978422017793 1.0
3 3.149999999999997 0.572267172809046 -9.276533396922966 1.0
0 3.199999999999997 6.926506317836804 9.950609564708959 1.0
1 3.199999999999997 -12.500094670601179 2.39898327164072 1.0
2 3.199999999999997 -6.982716399163382 15.506540584861821 1.0
3 3.199999999999997 0.503083847384187 -9.499604231249888 1.0
0 3.249999999999996 7.033067953495832 10.103695865704481 1.0
1 3.249999999999996 -12.692403819379658 2.358967629665962 1.0
2 3.249999999999996 -7.167065882227434 15.745102747705849 1.0
3 3.249999999999996 0.433900521959328 -9.72267506557681 1.0
0 3.299999999999996 7.139629589154859 10.256782166700003 1.0
1 3.299999999999996 -12.884712968158137 2.318951987691204 1.0
2 3.299999999999996 -7.351415365291486 15.983664910549876 1.0
3 3.299999999999996 0.36471719653447 -9.945745899903732 1.0
0 3.349999999999996 7.246191224813887 10.409868467695524 1.0
1 3.349999999999996 -13.077022116936616 2.278936345716446 1.0
2 3.349999999999996 -7.535764848355538 16.222227073393906 1.0
3 3.349999999999996 0.295533871109611 -10.168816734230655 1.0
0 3.399999999999996 7.352752860472915 10.562954768691046 1.0
1 3.399999999999996 -13.269331265715095 2.238920703741687 1.0
2 3.399999999999996 -7.72011433141959 16.460789236237936 1.0
3 3.399999999999996 0.226350545684752 -10.391887568557577 1.0
0 3.449999999999996 7.459314496131943 10.716041069686568 1.0
1 3.449999999999996 -13.461640414493575 2.198905061766929 1.0
2 3.449999999999996 -7.904463814483642 16.699351399081966 1.0
3 3.449999999999996 0.157167220259894 -10.614958402884499 1.0
0 3.499999999999996 7.56587613179097 10.86912737068209 1.0
1 3.499999999999996 -13.653949563272054 2.158889419792171 1.0
2 3.499999999999996 -8.088813297547695 16.937913561925996 1.0
3 3.499999999999996 0.087983894835035 -10.838029237211421 1.0
0 3.549999999999995 7.672437767449998 11.022213671677612 1.0
1 3.549999999999995 -13.846258712050533 2.118873777817413 1.0
2 3.549999999999995 -8.273162780611747 17.176475724770025 1.0
3 3.549999999999995 0.018800569410176 -11.061100071538343 1.0
0 3.599999999999995 7.778999403109026 11.175299972673134 1.0
1 3.599999999999995 -14.038567860829012 2.078858135842655 1.0
2 3.599999999999995 -8.457512263675799 17.415037887614055 1.0
3 3.599999999999995 -0.050382756014682 -11.284170905865265 1.0
0 3.649999999999995 7.885561038768054 11.328386273668656 1.0
1 3.649999999999995 -14.230877009607491 2.038842493867897 1.0
2 3.649999999999995 -8.641861746739851 17.653600050458085 1.0
3 3.649999999999995 -0.119566081439541 -11.507241740192187 1.0
0 3.699999999999995 7.992122674427081 11.481472574664178 1.0
1 3.699999999999995 -14.42318615838597 1.998826851893139 1.0
2 3.699999999999995 -8.826211229803903 17.892162213302115 1.0
3 3.699999999999995 -0.1887494068644 -11.730312574519109 1.0
0 3.749999999999995 8.098684310086108 11.6345588756597 1.0
1 3.749999999999995 -14.61549530716445 1.958811209918381 1.0
2 3.749999999999995 -9.010560712867955 18.130724376146144 1.0
3 3.749999999999995 -0.257932732289258 -11.953383408846031 1.0
0 3.799999999999994 8.205245945745135 11.787645176655221 1.0
1 3.799999999999994 -14.807804455942929 1.918795567943623 1.0
2 3.799999999999994 -9.194910195932007 18.369286538990174 1.0
3 3.799999999999994 -0.327116057714117 -12.176454243172953 1.0
0 3.849999999999994 8.311807581404162 11.940731477650743 1.0
1 3.849999999999994 -15.000113604721408 1.878779925968865 1.0
2 3.849999999999994 -9.379259678996059 18.607848701834204 1.0
3 3.849999999999994 -0.396299383138976 -12.399525077499876 1.0
0 3.899999999999994 8.418369217063189 12.093817778646265 1.0
1 3.899999999999994 -15.192422753499887 1.838764283994107 1.0
2 3.899999999999994 -9.563609162060111 18.846410864678234 1.0
3 3.899999999999994 -0.465482708563834 -12.622595911826798 1.0
0 3.949999999999994 8.524930852722216 12.246904079641787 1.0
1 3.949999999999994 -15.384731902278366 1.798748642019349 1.0
2 3.949999999999994 -9.747958645124163 19.084973027522263 1.0
3 3.949999999999994 -0.534666033988693 -12.84566674615372 1.0
0 3.999999999999994 8.631492488381243 12.399990380637309 1.0
1 3.999999999999994 -15.577041051056845 1.758733000044591 1.0
2 3.999999999999994 -9.932308128188215 19.323535190366293 1.0
3 3.999999999999994 -0.603849359413552 -13.068737580480642 1.0
0 4.049999999999994 8.73805412404027 12.553076681632831 1.0
1 4.049999999999994 -15.769350199835324 1.718717358069833 1.0
2 4.049999999999994 -10.116657611252267 19.562097353210323 1.0
3 4.049999999999994 -0.67303268483841 -13.291808414807564 1.0
0 4.099999999999993 8.844615759699296 12.706162982628353 1.0
1 4.099999999999993 -15.961659348613804 1.678701716095075 1.0
2 4.099999999999993 -10.301007094316319 19.800659516054353 1.0
3 4.099999999999993 -0.742216010263269 -13.514879249134486 1.0
0 4.149999999999993 8.951177395358323 12.859249283623875 1.0
1 4.149999999999993 -16.153968497392285 1.638686074120317 1.0
2 4.149999999999993 -10.485356577380371 20.039221678898382 1.0
3 4.149999999999993 -0.811399335688127 -13.737950083461408 1.0
0 4.199999999999993 9.05773903101735 13.012335584619397 1.0
1 4.199999999999993 -16.346277646170766 1.598670432145559 1.0
2 4.199999999999993 -10.669706060444422 20.277783841742412 1.0
3 4.199999999999993 -0.880582661112986 -13.96102091778833 1.0
0 4.249999999999993 9.164300666676377 13.165421885614919 1.0
1 4.249999999999993 -16.538586794949246 1.558654790170801 1.0
2 4.249999999999993 -10.854055543508474 20.516346004586442 1.0
3 4.249999999999993 -0.949765986537845 -14.184091752115252 1.0
0 4.299999999999993 9.270862302335404 13.31850818661044 1.0
1 4.299999999999993 -16.730895943727727 1.518639148196044 1.0
2 4.299999999999993 -11.038405026572526 20.754908167430472 1.0
3 4.299999999999993 -1.018949311962703 -14.407162586442174 1.0
0 4.349999999999993 9.377423937994431 13.471594487605962 1.0
1 4.349999999999993 -16.923205092506208 1.478623506221286 1.0
2 4.349999999999993 -11.222754509636578 20.993470330274501 1.0
3 4.349999999999993 -1.088132637387562 -14.630233420769096 1.0
0 4.399999999999992 9.483985573653458 13.624680788601484 1.0
1 4.399999999999992 -17.115514241284689 1.438607864246528 1.0
2 4.399999999999992 -11.40710399270063 21.232032493118531 1.0
3 4.399999999999992 -1.157315962812421 -14.853304255096019 1.0
0 4.449999999999992 9.590547209312485 13.777767089597006 1.0
1 4.449999999999992 -17.30782339006317 1.39859222227177 1.0
2 4.449999999999992 -11.591453475764682 21.470594655962561 1.0
3 4.449999999999992 -1.226499288237279 -15.076375089422941 1.0
0 4.499999999999992 9.697108844971511 13.930853390592528 1.0
1 4.499999999999992 -17.500132538841651 1.358576580297012 1.0
2 4.499999999999992 -11.775802958828734 21.709156818806591 1.0
3 4.499999999999992 -1.295682613662138 -15.299445923749863 1.0
0 4.549999999999992 9.803670480630538 14.08393969158805 1.0
1 4.549999999999992 -17.692441687620132 1.318560938322254 1.0
2 4.549999999999992 -11.960152441892786 21.94771898165062 1.0
3 4.549999999999992 -1.364865939086996 -15.522516758076785 1.0
0 4.599999999999992 9.910232116289565 14.237025992583572 1.0
1 4.599999999999992 -17.884750836398613 1.278545296347496 1.0
2 4.599999999999992 -12.144501924956838 22.18628114449465 1.0
3 4.599999999999992 -1.434049264511855 -15.745587592403707 1.0
0 4.649999999999991 10.016793751948592 14.390112293579094 1.0
1 4.649999999999991 -18.077059985177094 1.238529654372738 1.0
2 4.649999999999991 -12.32885140802089 22.42484330733868 1.0
3 4.649999999999991 -1.503232589936714 -15.968658426730629 1.0
0 4.699999999999991 10.123355387607619 14.543198594574616 1.0
1 4.699999999999991 -18.269369133955575 1.19851401239798 1.0
2 4.699999999999991 -12.513200891084942 22.66340547018271 1.0
3 4.699999999999991 -1.572415915361572 -16.191729261057549 1.0
0 4.749999999999991 10.229917023266646 14.696284895570138 1.0
1 4.749999999999991 -18.461678282734056 1.158498370423222 1.0
2 4.749999999999991 -12.697550374148994 22.901967633026739 1.0
3 4.749999999999991 -1.641599240786431 -16.414800095384471 1.0
0 4.799999999999991 10.336478658925673 14.849371196565659 1.0
1 4.799999999999991 -18.653987431512537 1.118482728448464 1.0
2 4.799999999999991 -12.881899857213046 23.140529795870769 1.0
3 4.799999999999991 -1.710782566211289 -16.637870929711394 1.0
0 4.849999999999991 10.4430402945847 15.002457497561181 1.0
1 4.849999999999991 -18.846296580291018 1.078467086473706 1.0
2 4.849999999999991 -13.066249340277098 23.379091958714799 1.0
3 4.849999999999991 -1.779965891636148 -16.860941764038316 1.0
0 4.899999999999991 10.549601930243726 15.155543798556703 1.0
1 4.899999999999991 -19.038605729069499 1.038451444498948 1.0
2 4.899999999999991 -13.25059882334115 23.617654121558829 1.0
3 4.899999999999991 -1.849149217061007 -17.084012598365238 1.0
0 4.94999999999999 10.656163565902753 15.308630099552225 1.0
1 4.94999999999999 -19.230914877847979 0.99843580252419 1.0
2 4.94999999999999 -13.434948306405202 23.856216284402858 1.0
3 4.94999999999999 -1.918332542485865 -17.30708343269216 1.0
0 4.99999999999999 10.76272520156178 15.461716400547747 1.0
1 4.99999999999999 -19.42322402662646 0.958420160549432 1.0
2 4.99999999999999 -13.619297789469254 24.094778447246888 1.0
3 4.99999999999999 -1.987515867910724 -17.530154267019082 1.0
