0 0.0 0.092052302336002 -0.047218653138857 1.0
1 0.0 -0.119302469974316 5.108618867790748 1.0
2 0.0 -0.197049561603585 9.947033142667603 1.0
3 0.0 5.041250721592578 0.178203245467854 1.0
4 0.0 5.078255227029251 5.233996461965934 1.0
5 0.0 4.8049962589547 10.188638508427156 1.0
6 0.0 9.871689122510292 -0.051189251606085 1.0
7 0.0 10.045813965034149 5.189310205310578 1.0
8 0.0 10.229512182547268 9.971202748770571 1.0
0 0.05 0.184104604672005 -0.094437306277715 1.0
1 0.05 -0.238604939948633 5.217237735581497 1.0
2 0.05 -0.394099123207169 9.894066285335207 1.0
3 0.05 5.082501443185157 0.356406490935708 1.0
4 0.05 5.156510454058502 5.467992923931869 1.0
5 0.05 4.609992517909401 10.377277016854311 1.0
6 0.05 9.743378245020583 -0.102378503212169 1.0
7 0.05 10.091627930068299 5.378620410621156 1.0
8 0.05 10.459024365094535 9.942405497541142 1.0
0 0.1 0.276156907008007 -0.141655959416572 1.0
1 0.1 -0.357907409922949 5.325856603372245 1.0
2 0.1 -0.591148684810754 9.84109942800281 1.0
3 0.1 5.123752164777735 0.534609736403561 1.0
4 0.1 5.234765681087753 5.701989385897803 1.0
5 0.1 4.414988776864101 10.565915525281467 1.0
6 0.1 9.615067367530875 -0.153567754818254 1.0
7 0.1 10.137441895102448 5.567930615931735 1.0
8 0.1 10.688536547641803 9.913608246311712 1.0
0 0.15 0.36820920934401 -0.188874612555429 1.0
1 0.15 -0.477209879897265 5.434475471162994 1.0
2 0.15 -0.788198246414339 9.788132570670413 1.0
3 0.15 5.165002886370313 0.712812981871415 1.0
4 0.15 5.313020908117004 5.935985847863737 1.0
5 0.15 4.219985035818802 10.754554033708622 1.0
6 0.15 9.486756490041167 -0.204757006424338 1.0
7 0.15 10.183255860136597 5.757240821242313 1.0
8 0.15 10.918048730189071 9.884810995082283 1.0
0 0.2 0.460261511680012 -0.236093265694286 1.0
1 0.2 -0.596512349871581 5.543094338953742 1.0
2 0.2 -0.985247808017923 9.735165713338017 1.0
3 0.2 5.206253607962892 0.891016227339269 1.0
4 0.2 5.391276135146255 6.169982309829671 1.0
5 0.2 4.024981294773502 10.943192542135778 1.0
6 0.2 9.358445612551458 -0.255946258030423 1.0
7 0.2 10.229069825170747 5.946551026552891 1.0
8 0.2 11.147560912736338 9.856013743852854 1.0
0 0.25 0.552313814016015 -0.283311918833144 1.0
1 0.25 -0.715814819845898 5.651713206744491 1.0
2 0.25 -1.182297369621508 9.68219885600562 1.0
3 0.25 5.24750432955547 1.069219472807122 1.0
4 0.25 5.469531362175506 6.403978771795606 1.0
5 0.25 3.829977553728202 11.131831050562933 1.0
6 0.25 9.23013473506175 -0.307135509636507 1.0
7 0.25 10.274883790204896 6.135861231863469 1.0
8 0.25 11.377073095283606 9.827216492623425 1.0
0 0.3 0.644366116352017 -0.330530571972001 1.0
1 0.3 -0.835117289820214 5.760332074535239 1.0
2 0.3 -1.379346931225093 9.629231998673223 1.0
3 0.3 5.288755051148049 1.247422718274976 1.0
4 0.3 5.547786589204756 6.63797523376154 1.0
5 0.3 3.634973812682903 11.320469558990089 1.0
6 0.3 9.101823857572041 -0.358324761242592 1.0
7 0.3 10.320697755239046 6.325171437174047 1.0
8 0.3 11.606585277830874 9.798419241393995 1.0
0 0.35 0.73641841868802 -0.377749225110858 1.0
1 0.35 -0.95441975979453 5.868950942325988 1.0
2 0.35 -1.576396492828677 9.576265141340826 1.0
3 0.35 5.330005772740627 1.42562596374283 1.0
4 0.35 5.626041816234007 6.871971695727474 1.0
5 0.35 3.439970071637603 11.509108067417245 1.0
6 0.35 8.973512980082333 -0.409514012848677 1.0
7 0.35 10.366511720273195 6.514481642484625 1.0
8 0.35 11.836097460378141 9.769621990164566 1.0
0 0.4 0.828470721024022 -0.424967878249716 1.0
1 0.4 -1.073722229768846 5.977569810116736 1.0
2 0.4 -1.773446054432262 9.52329828400843 1.0
3 0.4 5.371256494333205 1.603829209210684 1.0
4 0.4 5.704297043263258 7.105968157693408 1.0
5 0.4 3.244966330592304 11.6977465758444 1.0
6 0.4 8.845202102592625 -0.460703264454761 1.0
7 0.4 10.412325685307344 6.703791847795204 1.0
8 0.4 12.065609642925409 9.740824738935137 1.0
0 0.45 0.920523023360025 -0.472186531388573 1.0
1 0.45 -1.193024699743162 6.086188677907485 1.0
2 0.45 -1.970495616035847 9.470331426676033 1.0
3 0.45 5.412507215925784 1.782032454678537 1.0
4 0.45 5.782552270292509 7.339964619659343 1.0
5 0.45 3.049962589547004 11.886385084271556 1.0
6 0.45 8.716891225102916 -0.511892516060846 1.0
7 0.45 10.458139650341494 6.893102053105782 1.0
8 0.45 12.295121825472677 9.712027487705708 1.0
0 0.5 1.012575325696027 -0.51940518452743 1.0
1 0.5 -1.312327169717479 6.194807545698233 1.0
2 0.5 -2.167545177639432 9.417364569343636 1.0
3 0.5 5.453757937518362 1.960235700146391 1.0
4 0.5 5.86080749732176 7.573961081625277 1.0
5 0.5 2.854958848501704 12.075023592698711 1.0
6 0.5 8.588580347613208 -0.56308176766693 1.0
7 0.5 10.503953615375643 7.08241225841636 1.0
8 0.5 12.524634008019945 9.683230236476279 1.0
0 0.55 1.10462762803203 -0.566623837666288 1.0
1 0.55 -1.431629639691795 6.303426413488982 1.0
2 0.55 -2.364594739243016 9.36439771201124 1.0
3 0.55 5.49500865911094 2.138438945614245 1.0
4 0.55 5.939062724351011 7.807957543591211 1.0
5 0.55 2.659955107456405 12.263662101125867 1.0
6 0.55 8.4602694701235 -0.614271019273015 1.0
7 0.55 10.549767580409792 7.271722463726938 1.0
8 0.55 12.754146190567212 9.654432985246849 1.0
0 0.6 1.196679930368032 -0.613842490805145 1.0
1 0.6 -1.550932109666111 6.41204528127973 1.0
2 0.6 -2.561644300846601 9.311430854678843 1.0
3 0.6 5.536259380703519 2.316642191082099 1.0
4 0.6 6.017317951380262 8.041954005557145 1.0
5 0.6 2.464951366411105 12.452300609553022 1.0
6 0.6 8.331958592633791 -0.665460270879099 1.0
7 0.6 10.595581545443942 7.461032669037516 1.0
8 0.6 12.98365837311448 9.62563573401742 1.0
0 0.65 1.288732232704034 -0.661061143944002 1.0
1 0.65 -1.670234579640427 6.520664149070479 1.0
2 0.65 -2.758693862450186 9.258463997346446 1.0
3 0.65 5.577510102296097 2.494845436549953 1.0
4 0.65 6.095573178409513 8.275950467523078 1.0
5 0.65 2.269947625365806 12.640939117980178 1.0
6 0.65 8.203647715144083 -0.716649522485184 1.0
7 0.65 10.641395510478091 7.650342874348095 1.0
8 0.65 13.213170555661748 9.596838482787991 1.0
0 0.7 1.380784535040037 -0.70827979708286 1.0
1 0.7 -1.789537049614743 6.629283016861227 1.0
2 0.7 -2.955743424053771 9.20549714001405 1.0
3 0.7 5.618760823888675 2.673048682017807 1.0
4 0.7 6.173828405438764 8.509946929489011 1.0
5 0.7 2.074943884320506 12.829577626407334 1.0
6 0.7 8.075336837654374 -0.767838774091268 1.0
7 0.7 10.68720947551224 7.839653079658673 1.0
8 0.7 13.442682738209015 9.568041231558562 1.0
0 0.75 1.472836837376039 -0.755498450221717 1.0
1 0.75 -1.908839519589059 6.737901884651976 1.0
2 0.75 -3.152792985657356 9.152530282681653 1.0
3 0.75 5.660011545481254 2.851251927485661 1.0
4 0.75 6.252083632468015 8.743943391454945 1.0
5 0.75 1.879940143275206 13.018216134834489 1.0
6 0.75 7.947025960164666 -0.819028025697353 1.0
7 0.75 10.73302344054639 8.028963284969251 1.0
8 0.75 13.672194920756283 9.539243980329132 1.0
0 0.8 1.564889139712042 -0.802717103360574 1.0
1 0.8 -2.028141989563375 6.846520752442724 1.0
2 0.8 -3.34984254726094 9.099563425349256 1.0
3 0.8 5.701262267073832 3.029455172953515 1.0
4 0.8 6.330338859497266 8.977939853420878 1.0
5 0.8 1.684936402229907 13.206854643261645 1.0
6 0.8 7.818715082674958 -0.870217277303438 1.0
7 0.8 10.778837405580539 8.218273490279829 1.0
8 0.8 13.901707103303551 9.510446729099703 1.0
0 0.85 1.656941442048044 -0.849935756499432 1.0
1 0.85 -2.147444459537692 6.955139620233473 1.0
2 0.85 -3.546892108864525 9.046596568016859 1.0
3 0.85 5.742512988666411 3.207658418421369 1.0
4 0.85 6.408594086526517 9.211936315386811 1.0
5 0.85 1.489932661184607 13.3954931516888 1.0
6 0.85 7.690404205185249 -0.921406528909522 1.0
7 0.85 10.824651370614689 8.407583695590407 1.0
8 0.85 14.131219285850818 9.481649477870274 1.0
0 0.9 1.748993744384047 -0.897154409638289 1.0
1 0.9 -2.266746929512008 7.063758488024221 1.0
2 0.9 -3.74394167046811 8.993629710684463 1.0
3 0.9 5.783763710258989 3.385861663889222 1.0
4 0.9 6.486849313555767 9.445932777352745 1.0
5 0.9 1.294928920139307 13.584131660115956 1.0
6 0.9 7.562093327695541 -0.972595780515607 1.0
7 0.9 10.870465335648838 8.596893900900985 1.0
8 0.9 14.360731468398086 9.452852226640845 1.0
0 0.95 1.841046046720049 -0.944373062777146 1.0
1 0.95 -2.386049399486324 7.172377355814969 1.0
2 0.95 -3.940991232071695 8.940662853352066 1.0
3 0.95 5.825014431851567 3.564064909357076 1.0
4 0.95 6.565104540585018 9.679929239318678 1.0
5 0.95 1.099925179094008 13.772770168543111 1.0
6 0.95 7.433782450205833 -1.023785032121691 1.0
7 0.95 10.916279300682987 8.786204106211564 1.0
8 0.95 14.590243650945354 9.424054975411416 1.0
0 1.0 1.933098349056052 -0.991591715916003 1.0
1 1.0 -2.50535186946064 7.280996223605718 1.0
2 1.0 -4.138040793675279 8.887695996019669 1.0
3 1.0 5.866265153444146 3.74226815482493 1.0
4 1.0 6.643359767614269 9.913925701284612 1.0
5 1.0 0.904921438048708 13.961408676970267 1.0
6 1.0 7.305471572716124 -1.074974283727776 1.0
7 1.0 10.962093265717137 8.975514311522142 1.0
8 1.0 14.819755833492621 9.395257724181986 1.0
0 1.05 2.025150651392054 -1.038810369054861 1.0
1 1.05 -2.624654339434956 7.389615091396466 1.0
2 1.05 -4.335090355278864 8.834729138687273 1.0
3 1.05 5.907515875036724 3.920471400292784 1.0
4 1.05 6.72161499464352 10.147922163250545 1.0
5 1.05 0.709917697003409 14.150047185397423 1.0
6 1.05 7.177160695226416 -1.12616353533386 1.0
7 1.05 11.007907230751286 9.16482451683272 1.0
8 1.05 15.049268016039889 9.366460472952557 1.0
0 1.1 2.117202953728056 -1.086029022193718 1.0
1 1.1 -2.743956809409272 7.498233959187215 1.0
2 1.1 -4.532139916882449 8.781762281354876 1.0
3 1.1 5.948766596629302 4.098674645760638 1.0
4 1.1 6.799870221672771 10.381918625216478 1.0
5 1.1 0.514913955958109 14.338685693824578 1.0
6 1.1 7.048849817736707 -1.177352786939945 1.0
7 1.1 11.053721195785435 9.354134722143298 1.0
8 1.1 15.278780198587157 9.337663221723128 1.0
0 1.15 2.209255256064059 -1.133247675332575 1.0
1 1.15 -2.863259279383588 7.606852826977963 1.0
2 1.15 -4.729189478486034 8.728795424022479 1.0
3 1.15 5.990017318221881 4.276877891228492 1.0
4 1.15 6.878125448702022 10.615915087182412 1.0
5 1.15 0.319910214912809 14.527324202251734 1.0
6 1.15 6.920538940246999 -1.22854203854603 1.0
7 1.15 11.099535160819585 9.543444927453876 1.0
8 1.15 15.508292381134424 9.308865970493699 1.0
0 1.2 2.301307558400061 -1.180466328471432 1.0
1 1.2 -2.982561749357905 7.715471694768712 1.0
2 1.2 -4.926239040089619 8.675828566690083 1.0
3 1.2 6.031268039814459 4.455081136696346 1.0
4 1.2 6.956380675731273 10.849911549148345 1.0
5 1.2 0.12490647386751 14.715962710678889 1.0
6 1.2 6.792228062757291 -1.279731290152114 1.0
7 1.2 11.145349125853734 9.732755132764455 1.0
8 1.2 15.737804563681692 9.280068719264269 1.0
0 1.25 2.393359860736063 -1.227684981610289 1.0
1 1.25 -3.101864219332221 7.82409056255946 1.0
2 1.25 -5.123288601693203 8.622861709357686 1.0
3 1.25 6.072518761407038 4.6332843821642 1.0
4 1.25 7.034635902760524 11.083908011114278 1.0
5 1.25 -0.07009726717779 14.904601219106045 1.0
6 1.25 6.663917185267582 -1.330920541758199 1.0
7 1.25 11.191163090887883 9.922065338075033 1.0
8 1.25 15.96731674622896 9.25127146803484 1.0
0 1.3 2.485412163072065 -1.274903634749147 1.0
1 1.3 -3.221166689306537 7.932709430350209 1.0
2 1.3 -5.320338163296788 8.569894852025289 1.0
3 1.3 6.113769482999616 4.811487627632054 1.0
4 1.3 7.112891129789775 11.317904473080212 1.0
5 1.3 -0.265101008223089 15.0932397275332 1.0
6 1.3 6.535606307777874 -1.382109793364283 1.0
7 1.3 11.236977055922033 10.111375543385611 1.0
8 1.3 16.196828928776227 9.222474216805411 1.0
0 1.350000000000001 2.577464465408068 -1.322122287888004 1.0
1 1.350000000000001 -3.340469159280853 8.041328298140957 1.0
2 1.350000000000001 -5.517387724900373 8.516927994692892 1.0
3 1.350000000000001 6.155020204592194 4.989690873099907 1.0
4 1.350000000000001 7.191146356819026 11.551900935046145 1.0
5 1.350000000000001 -0.460104749268389 15.281878235960356 1.0
6 1.350000000000001 6.407295430288166 -1.433299044970368 1.0
7 1.350000000000001 11.282791020956182 10.300685748696189 1.0
8 1.350000000000001 16.426341111323495 9.193676965575982 1.0
0 1.400000000000001 2.66951676774407 -1.369340941026861 1.0
1 1.400000000000001 -3.459771629255169 8.149947165931705 1.0
2 1.400000000000001 -5.714437286503958 8.463961137360496 1.0
3 1.400000000000001 6.196270926184773 5.167894118567761 1.0
4 1.400000000000001 7.269401583848277 11.785897397012079 1.0
5 1.400000000000001 -0.655108490313689 15.470516744387512 1.0
6 1.400000000000001 6.278984552798457 -1.484488296576452 1.0
7 1.400000000000001 11.328604985990331 10.489995954006767 1.0
8 1.400000000000001 16.655853293870763 9.164879714346553 1.0
0 1.450000000000001 2.761569070080072 -1.416559594165718 1.0
1 1.450000000000001 -3.579074099229485 8.258566033722452 1.0
2 1.450000000000001 -5.911486848107542 8.410994280028099 1.0
3 1.450000000000001 6.237521647777351 5.346097364035615 1.0
4 1.450000000000001 7.347656810877528 12.019893858978012 1.0
5 1.450000000000001 -0.850112231358988 15.659155252814667 1.0
6 1.450000000000001 6.150673675308749 -1.535677548182537 1.0
7 1.450000000000001 11.374418951024481 10.679306159317346 1.0
8 1.450000000000001 16.885365476418031 9.136082463117123 1.0
0 1.500000000000001 2.853621372416074 -1.463778247304576 1.0
1 1.500000000000001 -3.698376569203802 8.3671849015132 1.0
2 1.500000000000001 -6.108536409711127 8.358027422695702 1.0
3 1.500000000000001 6.278772369369929 5.524300609503469 1.0
4 1.500000000000001 7.425912037906778 12.253890320943945 1.0
5 1.500000000000001 -1.045115972404288 15.847793761241823 1.0
6 1.500000000000001 6.02236279781904 -1.586866799788621 1.0
7 1.500000000000001 11.42023291605863 10.868616364627924 1.0
8 1.500000000000001 17.114877658965298 9.107285211887694 1.0
0 1.550000000000001 2.945673674752077 -1.510996900443433 1.0
1 1.550000000000001 -3.817679039178118 8.475803769303948 1.0
2 1.550000000000001 -6.305585971314712 8.305060565363306 1.0
3 1.550000000000001 6.320023090962508 5.702503854971323 1.0
4 1.550000000000001 7.504167264936029 12.487886782909879 1.0
5 1.550000000000001 -1.240119713449587 16.036432269668978 1.0
6 1.550000000000001 5.894051920329332 -1.638056051394706 1.0
7 1.550000000000001 11.46604688109278 11.057926569938502 1.0
8 1.550000000000001 17.344389841512566 9.078487960658265 1.0
0 1.600000000000001 3.037725977088079 -1.55821555358229 1.0
1 1.600000000000001 -3.936981509152434 8.584422637094695 1.0
2 1.600000000000001 -6.502635532918297 8.252093708030909 1.0
3 1.600000000000001 6.361273812555086 5.880707100439177 1.0
4 1.600000000000001 7.58242249196528 12.721883244875812 1.0
5 1.600000000000001 -1.435123454494887 16.225070778096132 1.0
6 1.600000000000001 5.765741042839624 -1.689245303000791 1.0
7 1.600000000000001 11.511860846126929 11.24723677524908 1.0
8 1.600000000000001 17.573902024059834 9.049690709428836 1.0
0 1.650000000000001 3.129778279424081 -1.605434206721147 1.0
1 1.650000000000001 -4.05628397912675 8.693041504885443 1.0
2 1.650000000000001 -6.699685094521882 8.199126850698512 1.0
3 1.650000000000001 6.402524534147664 6.058910345907031 1.0
4 1.650000000000001 7.660677718994531 12.955879706841746 1.0
5 1.650000000000001 -1.630127195540187 16.413709286523286 1.0
6 1.650000000000001 5.637430165349915 -1.740434554606875 1.0
7 1.650000000000001 11.557674811161078 11.436546980559658 1.0
8 1.650000000000001 17.803414206607101 9.020893458199406 1.0
0 1.700000000000001 3.221830581760083 -1.652652859860004 1.0
1 1.700000000000001 -4.175586449101067 8.80166037267619 1.0
2 1.700000000000001 -6.896734656125466 8.146159993366116 1.0
3 1.700000000000001 6.443775255740243 6.237113591374885 1.0
4 1.700000000000001 7.738932946023782 13.189876168807679 1.0
5 1.700000000000001 -1.825130936585486 16.60234779495044 1.0
6 1.700000000000001 5.509119287860207 -1.79162380621296 1.0
7 1.700000000000001 11.603488776195228 11.625857185870236 1.0
8 1.700000000000001 18.032926389154369 8.992096206969977 1.0
0 1.750000000000001 3.313882884096086 -1.699871512998862 1.0
1 1.750000000000001 -4.294888919075383 8.910279240466938 1.0
2 1.750000000000001 -7.093784217729051 8.093193136033719 1.0
3 1.750000000000001 6.485025977332821 6.415316836842739 1.0
4 1.750000000000001 7.817188173053033 13.423872630773612 1.0
5 1.750000000000001 -2.020134677630786 16.790986303377593 1.0
6 1.750000000000001 5.380808410370499 -1.842813057819044 1.0
7 1.750000000000001 11.649302741229377 11.815167391180815 1.0
8 1.750000000000001 18.262438571701637 8.963298955740548 1.0
0 1.800000000000001 3.405935186432088 -1.747090166137719 1.0
1 1.800000000000001 -4.4141913890497 9.018898108257686 1.0
2 1.800000000000001 -7.290833779332636 8.040226278701322 1.0
3 1.800000000000001 6.5262766989254 6.593520082310593 1.0
4 1.800000000000001 7.895443400082284 13.657869092739546 1.0
5 1.800000000000001 -2.215138418676085 16.979624811804747 1.0
6 1.800000000000001 5.25249753288079 -1.894002309425129 1.0
7 1.800000000000001 11.695116706263526 12.004477596491393 1.0
8 1.800000000000001 18.491950754248904 8.934501704511119 1.0
0 1.850000000000001 3.49798748876809 -1.794308819276576 1.0
1 1.850000000000001 -4.533493859024016 9.127516976048433 1.0
2 1.850000000000001 -7.487883340936221 7.987259421368925 1.0
3 1.850000000000001 6.567527420517978 6.771723327778447 1.0
4 1.850000000000001 7.973698627111535 13.891865554705479 1.0
5 1.850000000000001 -2.410142159721385 17.168263320231901 1.0
6 1.850000000000001 5.124186655391082 -1.945191561031213 1.0
7 1.850000000000001 11.740930671297676 12.193787801801971 1.0
8 1.850000000000001 18.721462936796172 8.90570445328169 1.0
0 1.900000000000001 3.590039791104092 -1.841527472415433 1.0
1 1.900000000000001 -4.652796328998333 9.236135843839181 1.0
2 1.900000000000001 -7.684932902539805 7.934292564036529 1.0
3 1.900000000000001 6.608778142110556 6.949926573246301 1.0
4 1.900000000000001 8.051953854140786 14.125862016671412 1.0
5 1.900000000000001 -2.605145900766685 17.356901828659055 1.0
6 1.900000000000001 4.995875777901373 -1.996380812637298 1.0
7 1.900000000000001 11.786744636331825 12.383098007112549 1.0
8 1.900000000000001 18.95097511934344 8.87690720205226 1.0
0 1.950000000000001 3.682092093440095 -1.88874612555429 1.0
1 1.950000000000001 -4.77209879897265 9.344754711629928 1.0
2 1.950000000000001 -7.88198246414339 7.881325706704132 1.0
3 1.950000000000001 6.650028863703135 7.128129818714155 1.0
4 1.950000000000001 8.130209081170037 14.359858478637346 1.0
5 1.950000000000001 -2.800149641811984 17.545540337086209 1.0
6 1.950000000000001 4.867564900411665 -2.047570064243383 1.0
7 1.950000000000001 11.832558601365974 12.572408212423127 1.0
8 1.950000000000001 19.180487301890707 8.848109950822831 1.0
0 2.000000000000001 3.774144395776097 -1.935964778693148 1.0
1 2.000000000000001 -4.891401268946966 9.453373579420676 1.0
2 2.000000000000001 -8.079032025746974 7.828358849371735 1.0
3 2.000000000000001 6.691279585295713 7.306333064182009 1.0
4 2.000000000000001 8.208464308199288 14.593854940603279 1.0
5 2.000000000000001 -2.995153382857284 17.734178845513362 1.0
6 2.000000000000001 4.739254022921957 -2.098759315849467 1.0
7 2.000000000000001 11.878372566400124 12.761718417733706 1.0
8 2.000000000000001 19.409999484437975 8.819312699593402 1.0
0 2.050000000000001 3.845236205389122 -1.979647819280406 1.0
1 2.050000000000001 -5.010703738921283 9.561992447211423 1.0
2 2.050000000000001 -8.276081587350559 7.775391992039339 1.0
3 2.050000000000001 6.732530306888291 7.484536309649862 1.0
4 2.050000000000001 8.286719535228539 14.827851402569213 1.0
5 2.050000000000001 -3.190157123902583 17.922817353940516 1.0
6 2.050000000000001 4.631903638155225 -2.15348418000715 1.0
7 2.050000000000001 11.924186531434273 12.951028623044284 1.0
8 2.050000000000001 19.639511666985243 8.790515448363973 1.0
0 2.100000000000001 3.726551841533997 -1.981394460858048 1.0
1 2.100000000000001 -5.130006208895599 9.670611315002171 1.0
2 2.100000000000001 -8.473131148954144 7.722425134706942 1.0
3 2.100000000000001 6.77378102848087 7.662739555117716 1.0
4 2.100000000000001 8.364974762257789 15.061847864535146 1.0
5 2.100000000000001 -3.385160864947883 18.11145586236767 1.0
6 2.100000000000001 4.714329426856644 -2.25014544317445 1.0
7 2.100000000000001 11.970000496468423 13.140338828354862 1.0
8 2.100000000000001 19.86902384953251 8.761718197134543 1.0
0 2.15 3.607867477678871 -1.983141102435689 1.0
1 2.15 -5.249308678869916 9.779230182792919 1.0
2 2.15 -8.670180710557728 7.669458277374545 1.0
3 2.15 6.815031750073448 7.84094280058557 1.0
4 2.15 8.44322998928704 15.295844326501079 1.0
5 2.15 -3.580164605993183 18.300094370794824 1.0
6 2.15 4.796755215558064 -2.346806706341751 1.0
7 2.15 12.015814461502572 13.32964903366544 1.0
8 2.15 20.098536032079778 8.732920945905114 1.0
0 2.2 3.489183113823746 -1.984887744013331 1.0
1 2.2 -5.368611148844233 9.887849050583666 1.0
2 2.2 -8.867230272161313 7.616491420042149 1.0
3 2.2 6.856282471666026 8.019146046053423 1.0
4 2.2 8.521485216316291 15.529840788467013 1.0
5 2.2 -3.775168347038482 18.488732879221978 1.0
6 2.2 4.879181004259483 -2.443467969509051 1.0
7 2.2 12.061628426536721 13.518959238976018 1.0
8 2.2 20.328048214627046 8.704123694675685 1.0
0 2.25 3.37049874996862 -1.986634385590972 1.0
1 2.25 -5.487913618818549 9.996467918374414 1.0
2 2.25 -9.064279833764898 7.563524562709752 1.0
3 2.25 6.897533193258605 8.197349291521277 1.0
4 2.25 8.599740443345542 15.763837250432946 1.0
5 2.25 -3.970172088083782 18.677371387649131 1.0
6 2.25 4.961606792960903 -2.540129232676352 1.0
7 2.25 12.107442391570871 13.708269444286596 1.0
8 2.25 20.557560397174313 8.675326443446256 1.0
0 2.3 3.251814386113494 -1.988381027168614 1.0
1 2.3 -5.607216088792866 10.105086786165161 1.0
2 2.3 -9.261329395368483 7.510557705377355 1.0
3 2.3 6.938783914851183 8.375552536989131 1.0
4 2.3 8.677995670374793 15.997833712398879 1.0
5 2.3 -4.165175829129081 18.866009896076285 1.0
6 2.3 5.044032581662322 -2.636790495843652 1.0
7 2.3 12.15325635660502 13.897579649597175 1.0
8 2.3 20.787072579721581 8.646529192216827 1.0
0 2.35 3.133130022258369 -1.990127668746255 1.0
1 2.35 -5.726518558767182 10.213705653955909 1.0
2 2.35 -9.458378956972068 7.457590848044958 1.0
3 2.35 6.980034636443762 8.553755782456985 1.0
4 2.35 8.756250897404044 16.231830174364813 1.0
5 2.35 -4.360179570174381 19.054648404503439 1.0
6 2.35 5.126458370363742 -2.733451759010953 1.0
7 2.35 12.199070321639169 14.086889854907753 1.0
8 2.35 21.016584762268849 8.617731940987397 1.0
0 2.399999999999999 3.014445658403243 -1.991874310323897 1.0
1 2.399999999999999 -5.845821028741499 10.322324521746657 1.0
2 2.399999999999999 -9.655428518575652 7.404623990712562 1.0
3 2.399999999999999 7.02128535803634 8.731959027924839 1.0
4 2.399999999999999 8.834506124433295 16.465826636330746 1.0
5 2.399999999999999 -4.555183311219681 19.243286912930593 1.0
6 2.399999999999999 5.208884159065161 -2.830113022178253 1.0
7 2.399999999999999 12.244884286673319 14.276200060218331 1.0
8 2.399999999999999 21.246096944816117 8.588934689757968 1.0
0 2.449999999999999 2.895761294548118 -1.993620951901538 1.0
1 2.449999999999999 -5.965123498715815 10.430943389537404 1.0
2 2.449999999999999 -9.852478080179237 7.351657133380165 1.0
3 2.449999999999999 7.062536079628918 8.910162273392693 1.0
4 2.449999999999999 8.912761351462546 16.69982309829668 1.0
5 2.449999999999999 -4.75018705226498 19.431925421357747 1.0
6 2.449999999999999 5.291309947766581 -2.926774285345554 1.0
7 2.449999999999999 12.290698251707468 14.465510265528909 1.0
8 2.449999999999999 21.475609127363384 8.560137438528539 1.0
0 2.499999999999999 2.777076930692992 -1.99536759347918 1.0
1 2.499999999999999 -6.084425968690132 10.539562257328152 1.0
2 2.499999999999999 -10.049527641782822 7.298690276047768 1.0
3 2.499999999999999 7.103786801221497 9.088365518860547 1.0
4 2.499999999999999 8.991016578491797 16.933819560262613 1.0
5 2.499999999999999 -4.94519079331028 19.6205639297849 1.0
6 2.499999999999999 5.373735736468 -3.023435548512854 1.0
7 2.499999999999999 12.336512216741617 14.654820470839487 1.0
8 2.499999999999999 21.705121309910652 8.53134018729911 1.0
0 2.549999999999999 2.658392566837867 -1.997114235056821 1.0
1 2.549999999999999 -6.203728438664449 10.648181125118899 1.0
2 2.549999999999999 -10.246577203386407 7.245723418715372 1.0
3 2.549999999999999 7.145037522814075 9.266568764328401 1.0
4 2.549999999999999 9.069271805521048 17.167816022228546 1.0
5 2.549999999999999 -5.140194534355579 19.809202438212054 1.0
6 2.549999999999999 5.45616152516942 -3.120096811680155 1.0
7 2.549999999999999 12.382326181775767 14.844130676150066 1.0
8 2.549999999999999 21.93463349245792 8.50254293606968 1.0
0 2.599999999999999 2.539708202982741 -1.998860876634463 1.0
1 2.599999999999999 -6.323030908638765 10.756799992909647 1.0
2 2.599999999999999 -10.443626764989991 7.192756561382975 1.0
3 2.599999999999999 7.186288244406653 9.444772009796255 1.0
4 2.599999999999999 9.147527032550299 17.40181248419448 1.0
5 2.599999999999999 -5.335198275400879 19.997840946639208 1.0
6 2.599999999999999 5.538587313870839 -3.216758074847455 1.0
7 2.599999999999999 12.428140146809916 15.033440881460644 1.0
8 2.599999999999999 22.164145675005187 8.473745684840251 1.0
0 2.649999999999999 2.421023839127615 -2.000607518212104 1.0
1 2.649999999999999 -6.442333378613082 10.865418860700395 1.0
2 2.649999999999999 -10.640676326593576 7.139789704050578 1.0
3 2.649999999999999 7.227538965999232 9.622975255264109 1.0
4 2.649999999999999 9.22578225957955 17.635808946160413 1.0
5 2.649999999999999 -5.530202016446179 20.186479455066362 1.0
6 2.649999999999999 5.621013102572259 -3.313419338014756 1.0
7 2.649999999999999 12.473954111844066 15.222751086771222 1.0
8 2.649999999999999 22.393657857552455 8.444948433610822 1.0
0 2.699999999999998 2.30233947527249 -2.002354159789745 1.0
1 2.699999999999998 -6.561635848587398 10.974037728491142 1.0
2 2.699999999999998 -10.837725888197161 7.086822846718182 1.0
3 2.699999999999998 7.26878968759181 9.801178500731963 1.0
4 2.699999999999998 9.3040374866088 17.869805408126346 1.0
5 2.699999999999998 -5.725205757491478 20.375117963493516 1.0
6 2.699999999999998 5.703438891273678 -3.410080601182056 1.0
7 2.699999999999998 12.519768076878215 15.4120612920818 1.0
8 2.699999999999998 22.623170040099723 8.416151182381393 1.0
0 2.749999999999998 2.183655111417364 -2.004100801367387 1.0
1 2.749999999999998 -6.680938318561715 11.08265659628189 1.0
2 2.749999999999998 -11.034775449800746 7.033855989385785 1.0
3 2.749999999999998 7.310040409184388 9.979381746199817 1.0
4 2.749999999999998 9.382292713638051 18.10380187009228 1.0
5 2.749999999999998 -5.920209498536778 20.563756471920669 1.0
6 2.749999999999998 5.785864679975098 -3.506741864349357 1.0
7 2.749999999999998 12.565582041912364 15.601371497392378 1.0
8 2.749999999999998 22.85268222264699 8.387353931151964 1.0
0 2.799999999999998 2.064970747562239 -2.005847442945028 1.0
1 2.799999999999998 -6.800240788536032 11.191275464072637 1.0
2 2.799999999999998 -11.231825011404331 6.980889132053388 1.0
3 2.799999999999998 7.351291130776967 10.157584991667671 1.0
4 2.799999999999998 9.460547940667302 18.337798332058213 1.0
5 2.799999999999998 -6.115213239582078 20.752394980347823 1.0
6 2.799999999999998 5.868290468676517 -3.603403127516657 1.0
7 2.799999999999998 12.611396006946514 15.790681702702956 1.0
8 2.799999999999998 23.082194405194258 8.358556679922534 1.0
0 2.849999999999998 1.946286383707113 -2.00759408452267 1.0
1 2.849999999999998 -6.919543258510348 11.299894331863385 1.0
2 2.849999999999998 -11.428874573007915 6.927922274720991 1.0
3 2.849999999999998 7.392541852369545 10.335788237135525 1.0
4 2.849999999999998 9.538803167696553 18.571794794024147 1.0
5 2.849999999999998 -6.310216980627377 20.941033488774977 1.0
6 2.849999999999998 5.950716257377937 -3.700064390683958 1.0
7 2.849999999999998 12.657209971980663 15.979991908013535 1.0
8 2.849999999999998 23.311706587741526 8.329759428693105 1.0
0 2.899999999999998 1.827602019851987 -2.009340726100311 1.0
1 2.899999999999998 -7.038845728484665 11.408513199654132 1.0
2 2.899999999999998 -11.6259241346115 6.874955417388595 1.0
3 2.899999999999998 7.433792573962124 10.513991482603378 1.0
4 2.899999999999998 9.617058394725804 18.80579125599008 1.0
5 2.899999999999998 -6.505220721672677 21.129671997202131 1.0
6 2.899999999999998 6.033142046079356 -3.796725653851258 1.0
7 2.899999999999998 12.703023937014812 16.169302113324115 1.0
8 2.899999999999998 23.541218770288793 8.300962177463676 1.0
0 2.949999999999998 1.708917655996861 -2.011087367677953 1.0
1 2.949999999999998 -7.158148198458981 11.51713206744488 1.0
2 2.949999999999998 -11.822973696215085 6.821988560056198 1.0
3 2.949999999999998 7.475043295554702 10.692194728071232 1.0
4 2.949999999999998 9.695313621755055 19.039787717956013 1.0
5 2.949999999999998 -6.700224462717976 21.318310505629285 1.0
6 2.949999999999998 6.115567834780776 -3.893386917018559 1.0
7 2.949999999999998 12.748837902048962 16.358612318634695 1.0
8 2.949999999999998 23.770730952836061 8.272164926234247 1.0
0 2.999999999999997 1.590233292141735 -2.012834009255594 1.0
1 2.999999999999997 -7.277450668433298 11.625750935235628 1.0
2 2.999999999999997 -12.02002325781867 6.769021702723801 1.0
3 2.999999999999997 7.51629401714728 10.870397973539086 1.0
4 2.999999999999997 9.773568848784306 19.273784179921947 1.0
5 2.999999999999997 -6.895228203763276 21.506949014056438 1.0
6 2.999999999999997 6.197993623482195 -3.990048180185859 1.0
7 2.999999999999997 12.794651867083111 16.547922523945275 1.0
8 2.999999999999997 24.000243135383329 8.243367675004817 1.0
0 3.049999999999997 1.471548928286609 -2.014580650833236 1.0
1 3.049999999999997 -7.396753138407615 11.734369803026375 1.0
2 3.049999999999997 -12.217072819422254 6.716054845391405 1.0
3 3.049999999999997 7.557544738739859 11.04860121900694 1.0
4 3.049999999999997 9.851824075813557 19.50778064188788 1.0
5 3.049999999999997 -7.090231944808576 21.695587522483592 1.0
6 3.049999999999997 6.280419412183615 -4.086709443353159 1.0
7 3.049999999999997 12.84046583211726 16.737232729255854 1.0
8 3.049999999999997 24.229755317930596 8.214570423775388 1.0
0 3.099999999999997 1.352864564431484 -2.016327292410877 1.0
1 3.099999999999997 -7.516055608381931 11.842988670817123 1.0
2 3.099999999999997 -12.414122381025839 6.663087988059008 1.0
3 3.099999999999997 7.598795460332437 11.226804464474794 1.0
4 3.099999999999997 9.930079302842808 19.741777103853813 1.0
5 3.099999999999997 -7.285235685853875 21.884226030910746 1.0
6 3.099999999999997 6.362845200885034 -4.18337070652046 1.0
7 3.099999999999997 12.88627979715141 16.926542934566434 1.0
8 3.099999999999997 24.459267500477864 8.185773172545959 1.0
0 3.149999999999997 1.234180200576358 -2.018073933988519 1.0
1 3.149999999999997 -7.635358078356248 11.95160753860787 1.0
2 3.149999999999997 -12.611171942629424 6.610121130726611 1.0
3 3.149999999999997 7.640046181925015 11.405007709942648 1.0
4 3.149999999999997 10.008334529872059 19.975773565819747 1.0
5 3.149999999999997 -7.480239426899175 22.0728645393379 1.0
6 3.149999999999997 6.445270989586454 -4.28003196968776 1.0
7 3.149999999999997 12.932093762185559 17.115853139877014 1.0
8 3.149999999999997 24.688779683025132 8.15697592131653 1.0
0 3.199999999999997 1.115495836721232 -2.01982057556616 1.0
1 3.199999999999997 -7.754660548330564 12.060226406398618 1.0
2 3.199999999999997 -12.808221504233009 6.557154273394215 1.0
3 3.199999999999997 7.681296903517594 11.583210955410502 1.0
4 3.199999999999997 10.08658975690131 20.20977002778568 1.0
5 3.199999999999997 -7.675243167944474 22.261503047765054 1.0
6 3.199999999999997 6.527696778287873 -4.376693232855061 1.0
7 3.199999999999997 12.977907727219709 17.305163345187594 1.0
8 3.199999999999997 24.9182918655724 8.128178670087101 1.0
0 3.249999999999996 0.996811472866106 -2.021567217143802 1.0
1 3.249999999999996 -7.873963018304881 12.168845274189366 1.0
2 3.249999999999996 -13.005271065836594 6.504187416061818 1.0
3 3.249999999999996 7.722547625110172 11.761414200878356 1.0
4 3.249999999999996 10.164844983930561 20.443766489751614 1.0
5 3.249999999999996 -7.870246908989774 22.450141556192207 1.0
6 3.249999999999996 6.610122566989292 -4.473354496022361 1.0
7 3.249999999999996 13.023721692253858 17.494473550498174 1.0
8 3.249999999999996 25.147804048119667 8.099381418857671 1.0
0 3.299999999999996 0.87812710901098 -2.023313858721443 1.0
1 3.299999999999996 -7.993265488279198 12.277464141980113 1.0
2 3.299999999999996 -13.202320627440178 6.451220558729421 1.0
3 3.299999999999996 7.76379834670275 11.93961744634621 1.0
4 3.299999999999996 10.243100210959811 20.677762951717547 1.0
5 3.299999999999996 -8.065250650035074 22.638780064619361 1.0
6 3.299999999999996 6.692548355690712 -4.570015759189662 1.0
7 3.299999999999996 13.069535657288007 17.683783755808754 1.0
8 3.299999999999996 25.377316230666935 8.070584167628242 1.0
0 3.349999999999996 0.759442745155855 -2.025060500299085 1.0
1 3.349999999999996 -8.112567958253514 12.386083009770861 1.0
2 3.349999999999996 -13.399370189043763 6.398253701397024 1.0
3 3.349999999999996 7.805049068295329 12.117820691814064 1.0
4 3.349999999999996 10.321355437989062 20.91175941368348 1.0
5 3.349999999999996 -8.260254391080373 22.827418573046515 1.0
6 3.349999999999996 6.774974144392131 -4.666677022356962 1.0
7 3.349999999999996 13.115349622322157 17.873093961119334 1.0
8 3.349999999999996 25.606828413214203 8.041786916398813 1.0
0 3.399999999999996 0.640758381300729 -2.026807141876726 1.0
1 3.399999999999996 -8.231870428227831 12.494701877561608 1.0
2 3.399999999999996 -13.596419750647348 6.345286844064628 1.0
3 3.399999999999996 7.846299789887907 12.296023937281918 1.0
4 3.399999999999996 10.399610665018313 21.145755875649414 1.0
5 3.399999999999996 -8.455258132125673 23.016057081473669 1.0
6 3.399999999999996 6.857399933093551 -4.763338285524263 1.0
7 3.399999999999996 13.161163587356306 18.062404166429914 1.0
8 3.399999999999996 25.83634059576147 8.012989665169384 1.0
0 3.449999999999996 0.522074017445603 -2.028553783454368 1.0
1 3.449999999999996 -8.351172898202147 12.603320745352356 1.0
2 3.449999999999996 -13.793469312250933 6.292319986732231 1.0
3 3.449999999999996 7.887550511480486 12.474227182749772 1.0
4 3.449999999999996 10.477865892047564 21.379752337615347 1.0
5 3.449999999999996 -8.650261873170972 23.204695589900822 1.0
6 3.449999999999996 6.93982572179497 -4.859999548691563 1.0
7 3.449999999999996 13.206977552390455 18.251714371740494 1.0
8 3.449999999999996 26.065852778308738 7.984192413939954 1.0
0 3.499999999999996 0.403389653590477 -2.030300425032009 1.0
1 3.499999999999996 -8.470475368176464 12.711939613143104 1.0
2 3.499999999999996 -13.990518873854517 6.239353129399834 1.0
3 3.499999999999996 7.928801233073064 12.652430428217626 1.0
4 3.499999999999996 10.556121119076815 21.61374879958128 1.0
5 3.499999999999996 -8.845265614216272 23.393334098327976 1.0
6 3.499999999999996 7.02225151049639 -4.956660811858864 1.0
7 3.499999999999996 13.252791517424605 18.441024577051074 1.0
8 3.499999999999996 26.295364960856006 7.955395162710525 1.0
0 3.549999999999995 0.284705289735351 -2.032047066609651 1.0
1 3.549999999999995 -8.589777838150781 12.820558480933851 1.0
2 3.549999999999995 -14.187568435458102 6.186386272067438 1.0
3 3.549999999999995 7.970051954665642 12.83063367368548 1.0
4 3.549999999999995 10.634376346106066 21.847745261547214 1.0
5 3.549999999999995 -9.040269355261572 23.58197260675513 1.0
6 3.549999999999995 7.104677299197809 -5.053322075026164 1.0
7 3.549999999999995 13.298605482458754 18.630334782361654 1.0
8 3.549999999999995 26.524877143403273 7.926597911481096 1.0
0 3.599999999999995 0.166020925880225 -2.033793708187292 1.0
1 3.599999999999995 -8.709080308125097 12.929177348724599 1.0
2 3.599999999999995 -14.384617997061687 6.133419414735041 1.0
3 3.599999999999995 8.01130267625822 13.008836919153334 1.0
4 3.599999999999995 10.712631573135317 22.081741723513147 1.0
5 3.599999999999995 -9.235273096306871 23.770611115182284 1.0
6 3.599999999999995 7.187103087899229 -5.149983338193465 1.0
7 3.599999999999995 13.344419447492903 18.819644987672234 1.0
8 3.599999999999995 26.754389325950541 7.897800660251667 1.0
0 3.649999999999995 0.0473365620251 -2.035540349764934 1.0
1 3.649999999999995 -8.828382778099414 13.037796216515346 1.0
2 3.649999999999995 -14.581667558665272 6.080452557402644 1.0
3 3.649999999999995 8.052553397850797 13.187040164621187 1.0
4 3.649999999999995 10.790886800164568 22.315738185479081 1.0
5 3.649999999999995 -9.430276837352171 23.959249623609438 1.0
6 3.649999999999995 7.269528876600648 -5.246644601360765 1.0
7 3.649999999999995 13.390233412527053 19.008955192982814 1.0
8 3.649999999999995 26.983901508497809 7.869003409022238 1.0
0 3.699999999999995 -0.071347801830026 -2.037286991342575 1.0
1 3.699999999999995 -8.94768524807373 13.146415084306094 1.0
2 3.699999999999995 -14.778717120268857 6.027485700070248 1.0
3 3.699999999999995 8.093804119443375 13.365243410089041 1.0
4 3.699999999999995 10.869142027193819 22.549734647445014 1.0
5 3.699999999999995 -9.62528057839747 24.147888132036591 1.0
6 3.699999999999995 7.351954665302068 -5.343305864528066 1.0
7 3.699999999999995 13.436047377561202 19.198265398293394 1.0
8 3.699999999999995 27.213413691045076 7.840206157792808 1.0
0 3.749999999999995 -0.190032165685152 -2.039033632920217 1.0
1 3.749999999999995 -9.066987718048047 13.255033952096841 1.0
2 3.749999999999995 -14.975766681872441 5.974518842737851 1.0
3 3.749999999999995 8.135054841035952 13.543446655556895 1.0
4 3.749999999999995 10.94739725422307 22.783731109410947 1.0
5 3.749999999999995 -9.82028431944277 24.336526640463745 1.0
6 3.749999999999995 7.434380454003487 -5.439967127695367 1.0
7 3.749999999999995 13.481861342595352 19.387575603603974 1.0
8 3.749999999999995 27.442925873592344 7.811408906563379 1.0
0 3.799999999999994 -0.308716529540278 -2.040780274497858 1.0
1 3.799999999999994 -9.186290188022364 13.363652819887589 1.0
2 3.799999999999994 -15.172816243476026 5.921551985405454 1.0
3 3.799999999999994 8.17630556262853 13.721649901024749 1.0
4 3.799999999999994 11.025652481252321 23.017727571376881 1.0
5 3.799999999999994 -10.01528806048807 24.525165148890899 1.0
6 3.799999999999994 7.516806242704907 -5.536628390862667 1.0
7 3.799999999999994 13.527675307629501 19.576885808914554 1.0
8 3.799999999999994 27.672438056139612 7.78261165533395 1.0
0 3.849999999999994 -0.427400893395404 -2.0425269160755 1.0
1 3.849999999999994 -9.30559265799668 13.472271687678337 1.0
2 3.849999999999994 -15.369865805079611 5.868585128073057 1.0
3 3.849999999999994 8.217556284221107 13.899853146492603 1.0
4 3.849999999999994 11.103907708281572 23.251724033342814 1.0
5 3.849999999999994 -10.210291801533369 24.713803657318053 1.0
6 3.849999999999994 7.599232031406326 -5.633289654029968 1.0
7 3.849999999999994 13.57348927266365 19.766196014225134 1.0
8 3.849999999999994 27.901950238686879 7.753814404104521 1.0
0 3.899999999999994 -0.546085257250529 -2.044273557653141 1.0
1 3.899999999999994 -9.424895127970997 13.580890555469084 1.0
2 3.899999999999994 -15.566915366683196 5.815618270740661 1.0
3 3.899999999999994 8.258807005813685 14.078056391960457 1.0
4 3.899999999999994 11.182162935310823 23.485720495308748 1.0
5 3.899999999999994 -10.405295542578669 24.902442165745207 1.0
6 3.899999999999994 7.681657820107746 -5.729950917197268 1.0
7 3.899999999999994 13.6193032376978 19.955506219535714 1.0
8 3.899999999999994 28.131462421234147 7.725017152875091 1.0
0 3.949999999999994 -0.664769621105655 -2.046020199230782 1.0
1 3.949999999999994 -9.544197597945313 13.689509423259832 1.0
2 3.949999999999994 -15.76396492828678 5.762651413408264 1.0
3 3.949999999999994 8.300057727406262 14.256259637428311 1.0
4 3.949999999999994 11.260418162340073 23.719716957274681 1.0
5 3.949999999999994 -10.600299283623968 25.09108067417236 1.0
6 3.949999999999994 7.764083608809165 -5.826612180364569 1.0
7 3.949999999999994 13.665117202731949 20.144816424846294 1.0
8 3.949999999999994 28.360974603781415 7.696219901645662 1.0
0 3.999999999999994 -0.783453984960781 -2.047766840808424 1.0
1 3.999999999999994 -9.66350006791963 13.798128291050579 1.0
2 3.999999999999994 -15.961014489890365 5.709684556075867 1.0
3 3.999999999999994 8.34130844899884 14.434462882896165 1.0
4 3.999999999999994 11.338673389369324 23.953713419240614 1.0
5 3.999999999999994 -10.795303024669268 25.279719182599514 1.0
6 3.999999999999994 7.846509397510585 -5.923273443531869 1.0
7 3.999999999999994 13.710931167766098 20.334126630156874 1.0
8 3.999999999999994 28.590486786328682 7.667422650416233 1.0
0 4.049999999999994 -0.902138348815907 -2.049513482386065 1.0
1 4.049999999999994 -9.782802537893946 13.906747158841327 1.0
2 4.049999999999994 -16.158064051493948 5.656717698743471 1.0
3 4.049999999999994 8.382559170591417 14.612666128364019 1.0
4 4.049999999999994 11.416928616398575 24.187709881206548 1.0
5 4.049999999999994 -10.990306765714568 25.468357691026668 1.0
6 4.049999999999994 7.928935186212004 -6.01993470669917 1.0
7 4.049999999999994 13.756745132800248 20.523436835467454 1.0
8 4.049999999999994 28.81999896887595 7.638625399186804 1.0
0 4.099999999999993 -1.020822712671033 -2.051260123963707 1.0
1 4.099999999999993 -9.902105007868263 14.015366026632075 1.0
2 4.099999999999993 -16.355113613097533 5.603750841411074 1.0
3 4.099999999999993 8.423809892183995 14.790869373831873 1.0
4 4.099999999999993 11.495183843427826 24.421706343172481 1.0
5 4.099999999999993 -11.185310506759867 25.656996199453822 1.0
6 4.099999999999993 8.011360974913424 -6.11659596986647 1.0
7 4.099999999999993 13.802559097834397 20.712747040778034 1.0
8 4.099999999999993 29.049511151423218 7.609828147957375 1.0
0 4.149999999999993 -1.139507076526159 -2.053006765541348 1.0
1 4.149999999999993 -10.02140747784258 14.123984894422822 1.0
2 4.149999999999993 -16.552163174701118 5.550783984078677 1.0
3 4.149999999999993 8.465060613776572 14.969072619299727 1.0
4 4.149999999999993 11.573439070457077 24.655702805138414 1.0
5 4.149999999999993 -11.380314247805167 25.845634707880976 1.0
6 4.149999999999993 8.093786763614844 -6.213257233033771 1.0
7 4.149999999999993 13.848373062868546 20.902057246088614 1.0
8 4.149999999999993 29.279023333970486 7.581030896727945 1.0
0 4.199999999999993 -1.258191440381284 -2.05475340711899 1.0
1 4.199999999999993 -10.140709947816896 14.23260376221357 1.0
2 4.199999999999993 -16.749212736304703 5.497817126746281 1.0
3 4.199999999999993 8.50631133536915 15.147275864767581 1.0
4 4.199999999999993 11.651694297486328 24.889699267104348 1.0
5 4.199999999999993 -11.575317988850466 26.034273216308129 1.0
6 4.199999999999993 8.176212552316263 -6.309918496201071 1.0
7 4.199999999999993 13.894187027902696 21.091367451399194 1.0
8 4.199999999999993 29.508535516517753 7.552233645498516 1.0
0 4.249999999999993 -1.37687580423641 -2.056500048696631 1.0
1 4.249999999999993 -10.260012417791213 14.341222630004317 1.0
2 4.249999999999993 -16.946262297908287 5.444850269413884 1.0
3 4.249999999999993 8.547562056961727 15.325479110235435 1.0
4 4.249999999999993 11.729949524515579 25.123695729070281 1.0
5 4.249999999999993 -11.770321729895766 26.222911724735283 1.0
6 4.249999999999993 8.258638341017683 -6.406579759368372 1.0
7 4.249999999999993 13.940000992936845 21.280677656709774 1.0
8 4.249999999999993 29.738047699065021 7.523436394269087 1.0
0 4.299999999999993 -1.495560168091536 -2.058246690274273 1.0
1 4.299999999999993 -10.379314887765529 14.449841497795065 1.0
2 4.299999999999993 -17.143311859511872 5.391883412081487 1.0
3 4.299999999999993 8.588812778554304 15.503682355703289 1.0
4 4.299999999999993 11.80820475154483 25.357692191036215 1.0
5 4.299999999999993 -11.965325470941066 26.411550233162437 1.0
6 4.299999999999993 8.341064129719102 -6.503241022535672 1.0
7 4.299999999999993 13.985814957970994 21.469987862020353 1.0
8 4.299999999999993 29.967559881612289 7.494639143039658 1.0
0 4.349999999999993 -1.614244531946662 -2.059993331851914 1.0
1 4.349999999999993 -10.498617357739846 14.558460365585812 1.0
2 4.349999999999993 -17.340361421115457 5.33891655474909 1.0
3 4.349999999999993 8.630063500146882 15.681885601171142 1.0
4 4.349999999999993 11.886459978574081 25.591688653002148 1.0
5 4.349999999999993 -12.160329211986365 26.600188741589591 1.0
6 4.349999999999993 8.423489918420522 -6.599902285702973 1.0
7 4.349999999999993 14.031628923005144 21.659298067330933 1.0
8 4.349999999999993 30.197072064159556 7.465841891810229 1.0
0 4.399999999999992 -1.732928895801788 -2.061739973429556 1.0
1 4.399999999999992 -10.617919827714163 14.66707923337656 1.0
2 4.399999999999992 -17.537410982719042 5.285949697416694 1.0
3 4.399999999999992 8.671314221739459 15.860088846638996 1.0
4 4.399999999999992 11.964715205603332 25.825685114968081 1.0
5 4.399999999999992 -12.355332953031665 26.788827250016745 1.0
6 4.399999999999992 8.505915707121941 -6.696563548870273 1.0
7 4.399999999999992 14.077442888039293 21.848608272641513 1.0
8 4.399999999999992 30.426584246706824 7.437044640580799 1.0
0 4.449999999999992 -1.851613259656913 -2.063486615007197 1.0
1 4.449999999999992 -10.737222297688479 14.775698101167308 1.0
2 4.449999999999992 -17.734460544322626 5.232982840084297 1.0
3 4.449999999999992 8.712564943332037 16.03829209210685 1.0
4 4.449999999999992 12.042970432632583 26.059681576934015 1.0
5 4.449999999999992 -12.550336694076965 26.977465758443898 1.0
6 4.449999999999992 8.588341495823361 -6.793224812037574 1.0
7 4.449999999999992 14.123256853073443 22.037918477952093 1.0
8 4.449999999999992 30.656096429254092 7.40824738935137 1.0
0 4.499999999999992 -1.970297623512039 -2.065233256584839 1.0
1 4.499999999999992 -10.856524767662796 14.884316968958055 1.0
2 4.499999999999992 -17.931510105926211 5.1800159827519 1.0
3 4.499999999999992 8.753815664924614 16.216495337574703 1.0
4 4.499999999999992 12.121225659661834 26.293678038899948 1.0
5 4.499999999999992 -12.745340435122264 27.166104266871052 1.0
6 4.499999999999992 8.67076728452478 -6.889886075204874 1.0
7 4.499999999999992 14.169070818107592 22.227228683262673 1.0
8 4.499999999999992 30.885608611801359 7.379450138121941 1.0
0 4.549999999999992 -2.088981987367165 -2.06697989816248 1.0
1 4.549999999999992 -10.975827237637112 14.992935836748803 1.0
2 4.549999999999992 -18.128559667529796 5.127049125419504 1.0
3 4.549999999999992 8.795066386517192 16.394698583042555 1.0
4 4.549999999999992 12.199480886691084 26.527674500865881 1.0
5 4.549999999999992 -12.940344176167564 27.354742775298206 1.0
6 4.549999999999992 8.7531930732262 -6.986547338372175 1.0
7 4.549999999999992 14.214884783141741 22.416538888573253 1.0
8 4.549999999999992 31.115120794348627 7.350652886892512 1.0
0 4.599999999999992 -2.207666351222291 -2.068726539740122 1.0
1 4.599999999999992 -11.095129707611429 15.10155470453955 1.0
2 4.599999999999992 -18.325609229133381 5.074082268087107 1.0
3 4.599999999999992 8.836317108109769 16.572901828510407 1.0
4 4.599999999999992 12.277736113720335 26.761670962831815 1.0
5 4.599999999999992 -13.135347917212863 27.54338128372536 1.0
6 4.599999999999992 8.835618861927619 -7.083208601539475 1.0
7 4.599999999999992 14.260698748175891 22.605849093883833 1.0
8 4.599999999999992 31.344632976895895 7.321855635663082 1.0
0 4.649999999999991 -2.326350715077417 -2.070473181317763 1.0
1 4.649999999999991 -11.214432177585746 15.210173572330298 1.0
2 4.649999999999991 -18.522658790736966 5.02111541075471 1.0
3 4.649999999999991 8.877567829702347 16.751105073978259 1.0
4 4.649999999999991 12.355991340749586 26.995667424797748 1.0
5 4.649999999999991 -13.330351658258163 27.732019792152514 1.0
6 4.649999999999991 8.918044650629039 -7.179869864706776 1.0
7 4.649999999999991 14.30651271321004 22.795159299194413 1.0
8 4.649999999999991 31.574145159443162 7.293058384433653 1.0
0 4.699999999999991 -2.445035078932542 -2.072219822895405 1.0
1 4.699999999999991 -11.333734647560062 15.318792440121046 1.0
2 4.699999999999991 -18.71970835234055 4.968148553422314 1.0
3 4.699999999999991 8.918818551294924 16.929308319446111 1.0
4 4.699999999999991 12.434246567778837 27.229663886763682 1.0
5 4.699999999999991 -13.525355399303463 27.920658300579667 1.0
6 4.699999999999991 9.000470439330458 -7.276531127874076 1.0
7 4.699999999999991 14.352326678244189 22.984469504504993 1.0
8 4.699999999999991 31.80365734199043 7.264261133204224 1.0
0 4.749999999999991 -2.563719442787668 -2.073966464473046 1.0
1 4.749999999999991 -11.453037117534379 15.427411307911793 1.0
2 4.749999999999991 -18.916757913944135 4.915181696089917 1.0
3 4.749999999999991 8.960069272887502 17.107511564913963 1.0
4 4.749999999999991 12.512501794808088 27.463660348729615 1.0
5 4.749999999999991 -13.720359140348762 28.109296809006821 1.0
6 4.749999999999991 9.082896228031878 -7.373192391041377 1.0
7 4.749999999999991 14.398140643278339 23.173779709815573 1.0
8 4.749999999999991 32.033169524537698 7.235463881974795 1.0
0 4.799999999999991 -2.682403806642793 -2.075713106050688 1.0
1 4.799999999999991 -11.572339587508695 15.536030175702541 1.0
2 4.799999999999991 -19.11380747554772 4.86221483875752 1.0
3 4.799999999999991 9.001319994480079 17.285714810381815 1.0
4 4.799999999999991 12.590757021837339 27.697656810695548 1.0
5 4.799999999999991 -13.915362881394062 28.297935317433975 1.0
6 4.799999999999991 9.165322016733297 -7.469853654208677 1.0
7 4.799999999999991 14.443954608312488 23.363089915126153 1.0
8 4.799999999999991 32.262681707084965 7.206666630745366 1.0
0 4.849999999999991 -2.801088170497919 -2.077459747628329 1.0
1 4.849999999999991 -11.691642057483012 15.644649043493288 1.0
2 4.849999999999991 -19.310857037151305 4.809247981425123 1.0
3 4.849999999999991 9.042570716072657 17.463918055849668 1.0
4 4.849999999999991 12.66901224886659 27.931653272661482 1.0
5 4.849999999999991 -14.110366622439361 28.486573825861129 1.0
6 4.849999999999991 9.247747805434717 -7.566514917375978 1.0
7 4.849999999999991 14.489768573346637 23.552400120436733 1.0
8 4.849999999999991 32.492193889632233 7.177869379515936 1.0
0 4.899999999999991 -2.919772534353045 -2.079206389205971 1.0
1 4.899999999999991 -11.810944527457329 15.753267911284036 1.0
2 4.899999999999991 -19.507906598754889 4.756281124092727 1.0
3 4.899999999999991 9.083821437665234 17.64212130131752 1.0
4 4.899999999999991 12.747267475895841 28.165649734627415 1.0
5 4.899999999999991 -14.305370363484661 28.675212334288283 1.0
6 4.899999999999991 9.330173594136136 -7.663176180543278 1.0
7 4.899999999999991 14.535582538380787 23.741710325747313 1.0
8 4.899999999999991 32.721706072179501 7.149072128286507 1.0
0 4.94999999999999 -3.03845689820817 -2.080953030783612 1.0
1 4.94999999999999 -11.930246997431645 15.861886779074784 1.0
2 4.94999999999999 -19.704956160358474 4.70331426676033 1.0
3 4.94999999999999 9.125072159257812 17.820324546785372 1.0
4 4.94999999999999 12.825522702925092 28.399646196593348 1.0
5 4.94999999999999 -14.500374104529961 28.863850842715436 1.0
6 4.94999999999999 9.412599382837556 -7.759837443710579 1.0
7 4.94999999999999 14.581396503414936 23.931020531057893 1.0
8 4.94999999999999 32.951218254726768 7.120274877057078 1.0
0 4.99999999999999 -3.157141262063296 -2.082699672361254 1.0
1 4.99999999999999 -12.049549467405962 15.970505646865531 1.0
2 4.99999999999999 -19.902005721962059 4.650347409427933 1.0
3 4.99999999999999 9.166322880850389 17.998527792253224 1.0
4 4.99999999999999 12.903777929954343 28.633642658559282 1.0
5 4.99999999999999 -14.69537784557526 29.05248935114259 1.0
6 4.99999999999999 9.495025171538975 -7.856498706877879 1.0
7 4.99999999999999 14.627210468449086 24.120330736368473 1.0
8 4.99999999999999 33.180730437274036 7.091477625827649 1.0
