1.0 0.0 0.0 4.560101018865058 2.965706072868983 1.0
1.0 0.0 2.0 3.5245294714267086 3.490496375878184 1.0
1.0 0.0 4.0 -3.577457522500417 -0.17514498926047573 1.0
1.0 0.0 6.0 1.5657046129061092 1.3856584702123689 1.0
1.0 0.0 8.0 -0.9948385937393747 3.366954884921931 1.0
1.0 0.0 10.0 -4.833910670851416 -2.940921074525326 1.0
1.0 0.0 12.0 2.0239262441985684 1.2066608496573021 1.0
1.0 0.0 14.0 -0.38836507677707655 2.746332042043634 1.0
1.0 0.0 16.0 -4.8851036161986325 1.5761688877779525 1.0
1.0 0.0 18.0 1.2291443528181487 0.3134167294956711 1.0
1.0 2.0 0.0 -2.0231116523717008 2.9061715709396427 1.0
1.0 2.0 2.0 -4.994689284089025 -4.628992201204324 1.0
1.0 2.0 4.0 -0.7766258791756542 3.5058888387128597 1.0
1.0 2.0 6.0 -3.75343990005067 0.1311229212534739 1.0
1.0 2.0 8.0 3.7791167810471578 2.977004581179658 1.0
1.0 2.0 10.0 3.092749079028904 1.782638911719884 1.0
1.0 2.0 12.0 -1.997236033848556 3.295160507530566 1.0
1.0 2.0 14.0 3.0747155014777476 -2.257840951283722 1.0
1.0 2.0 16.0 -2.3751917731508243 2.85399196538315 1.0
1.0 2.0 18.0 4.845141642799275 -2.2206816223434034 1.0
1.0 4.0 0.0 -3.938959790193758 1.1905174156985519 1.0
1.0 4.0 2.0 -4.285861641731841 -4.279311212117456 1.0
1.0 4.0 4.0 -0.3051855027589774 -4.402981959443435 1.0
1.0 4.0 6.0 -3.314591268502264 0.20402530907554173 1.0
1.0 4.0 8.0 2.3171521706587725 3.3733770454880485 1.0
1.0 4.0 10.0 -0.6841901362206348 4.784671193082664 1.0
1.0 4.0 12.0 3.0719137024930436 -4.914825584628739 1.0
1.0 4.0 14.0 2.9105793831805213 2.588519234867298 1.0
1.0 4.0 16.0 0.9739707915870435 4.866657259470859 1.0
1.0 4.0 18.0 -3.6815521032461165 -0.33899432720300027 1.0
1.0 6.0 0.0 4.351513515759093 3.544043487207629 1.0
1.0 6.0 2.0 -4.09468912595405 4.179188062590306 1.0
1.0 6.0 4.0 -4.5906702903991095 -0.8465686691165688 1.0
1.0 6.0 6.0 0.16208869981888174 -4.225959828225896 1.0
1.0 6.0 8.0 -1.4818969695789685 -2.711072545388391 1.0
1.0 6.0 10.0 1.841855610025533 0.3526707383269132 1.0
1.0 6.0 12.0 -4.194534009371935 0.640430336866876 1.0
1.0 6.0 14.0 0.5232700568489443 1.015257653764598 1.0
1.0 6.0 16.0 -4.842235621251284 3.066828039520061 1.0
1.0 6.0 18.0 2.061793269231286 4.929059733312332 1.0
1.0 8.0 0.0 3.8371781238790597 -1.400791739644518 1.0
1.0 8.0 2.0 -3.4828624033660582 -0.648049198967378 1.0
1.0 8.0 4.0 -4.422945129115669 -0.12000264995119725 1.0
1.0 8.0 6.0 2.834836281372292 -2.6094991082828614 1.0
1.0 8.0 8.0 0.23901339453056103 3.7177783291050197 1.0
1.0 8.0 10.0 -3.188219609559406 -4.46730124163838 1.0
1.0 8.0 12.0 2.898575516807642 3.67386574875205 1.0
1.0 8.0 14.0 -1.309975781912902 0.513001058659385 1.0
1.0 8.0 16.0 3.571793959499555 0.8955378002785377 1.0
1.0 8.0 18.0 -1.8998899050637572 2.647458147396346 1.0
1.0 10.0 0.0 -0.29646412927285226 4.772164698455446 1.0
1.0 10.0 2.0 -2.985382361003376 -3.580744416096868 1.0
1.0 10.0 4.0 1.0087985879253614 4.414289495563498 1.0
1.0 10.0 6.0 -4.125401623768923 -3.1999190875608052 1.0
1.0 10.0 8.0 0.29162696273440236 0.44205246222820094 1.0
1.0 10.0 10.0 4.116004955767377 1.56030887703431 1.0
1.0 10.0 12.0 4.461907528486501 4.1181761776508985 1.0
1.0 10.0 14.0 3.950182023629953 -4.348928552939895 1.0
1.0 10.0 16.0 -2.8714802177471235 -2.527942574153159 1.0
1.0 10.0 18.0 -4.558065278365201 3.6338615251809934 1.0
1.0 12.0 0.0 -2.131972162301362 3.73533719063731 1.0
1.0 12.0 2.0 1.6806490732397403 0.0883950410975265 1.0
1.0 12.0 4.0 3.5512947451251176 2.145652954286411 1.0
1.0 12.0 6.0 -4.845615251991797 -4.052966054680627 1.0
1.0 12.0 8.0 3.9561096860586193 4.974102039570123 1.0
1.0 12.0 10.0 0.3138206399355683 0.7841516620316478 1.0
1.0 12.0 12.0 -2.6978795715665402 -2.5067271863554517 1.0
1.0 12.0 14.0 2.752382616275451 -2.768598502157187 1.0
1.0 12.0 16.0 1.3150634510944084 3.5265321943421615 1.0
1.0 12.0 18.0 2.430837232977705 3.894924502604111 1.0
1.0 14.0 0.0 1.9604908046941318 0.2055815915748873 1.0
1.0 14.0 2.0 -3.060911833135008 -2.581887550954425 1.0
1.0 14.0 4.0 -4.91710465875088 -4.387875920477664 1.0
1.0 14.0 6.0 0.9148652223579639 2.6636203634034983 1.0
1.0 14.0 8.0 -4.155664540276089 2.09081413952428 1.0
1.0 14.0 10.0 -0.5715494779733472 2.380901250507029 1.0
1.0 14.0 12.0 -2.9226294599048996 -3.805513602026309 1.0
1.0 14.0 14.0 -3.6054654591526623 4.180609886680498 1.0
1.0 14.0 16.0 0.4503132924178832 3.458993030926397 1.0
1.0 14.0 18.0 3.886754918254555 3.154809789626615 1.0
1.0 16.0 0.0 3.6885158778591727 2.5038019931307067 1.0
1.0 16.0 2.0 4.60741963803925 3.061982549443643 1.0
1.0 16.0 4.0 3.0036041062316414 -1.6841606747550952 1.0
1.0 16.0 6.0 -2.2956327890521955 -2.3615701011407655 1.0
1.0 16.0 8.0 2.3532785448414364 -1.0021101435212443 1.0
1.0 16.0 10.0 -2.3711218758785924 -3.6972714700811316 1.0
1.0 16.0 12.0 0.18750955918196155 3.749188388733634 1.0
1.0 16.0 14.0 -3.207007108145773 -4.712522382767004 1.0
1.0 16.0 16.0 -0.06735318126158418 2.3946780066482773 1.0
1.0 16.0 18.0 -4.588442444951282 -3.9373398052445854 1.0
1.0 18.0 0.0 2.6231761685257666 -1.609277737989192 1.0
1.0 18.0 2.0 -3.896239655462046 -2.1924865397255777 1.0
1.0 18.0 4.0 -1.1884464327160869 -2.0911005060947407 1.0
1.0 18.0 6.0 -3.4191164697484497 -0.35711579652577186 1.0
1.0 18.0 8.0 2.169752805506862 -2.6641679610517297 1.0
1.0 18.0 10.0 1.061442272689705 1.353621501603067 1.0
1.0 18.0 12.0 -0.9581339604732424 0.3258244171189748 1.0
1.0 18.0 14.0 -0.0681582847798321 -1.5893604147554097 1.0
1.0 18.0 16.0 -3.384704996198754 3.4044246526992534 1.0
1.0 18.0 18.0 -2.3898726637994514 -1.7551418304406239 1.0
