0.5 0.0 0.0 -2.7026661897947015 2.3019233439722484 1.0
0.5 0.0 1.0 -0.8428053681252399 -2.583210518334378 1.0
0.5 0.0 2.0 -4.2014628404611365 4.059919923283587 1.0
0.5 0.0 3.0 -2.8901351657447174 4.389454997414333 1.0
0.5 0.0 4.0 2.130051085044469 -1.9528343387976732 1.0
0.5 0.0 5.0 -0.9341567573111762 -0.43188297562733524 1.0
0.5 0.0 6.0 2.024488059496133 -1.2251779195898993 1.0
0.5 0.0 7.0 -3.8972572622566304 3.1306996063074948 1.0
0.5 0.0 8.0 3.7063366189383196 -3.5717723982279335 1.0
0.5 0.0 9.0 -2.4767321647741425 2.1357431213293676 1.0
0.5 0.0 10.0 -1.5266245141984323 -4.290310114452172 1.0
0.5 0.0 11.0 1.269873521288 4.96386043534487 1.0
0.5 0.0 12.0 1.551648493434862 3.722614455471497 1.0
0.5 0.0 13.0 -0.49489338942591843 2.301293358240515 1.0
0.5 0.0 14.0 -2.3506446825716862 0.4653932576282216 1.0
0.5 0.0 15.0 -0.8019787225891486 -0.6869070945891211 1.0
0.5 0.0 16.0 -3.1442849279398177 -1.3227002702365356 1.0
0.5 0.0 17.0 -4.190984610318772 -4.8914786793499285 1.0
0.5 0.0 18.0 4.314062856394729 2.0149665532964836 1.0
0.5 0.0 19.0 -2.020110889689848 1.1188560603451752 1.0
0.5 0.0 20.0 1.4441415458426654 1.8368531654528777 1.0
0.5 0.0 21.0 2.512874173618674 -0.41214833177146737 1.0
0.5 0.0 22.0 -2.603242710254511 3.2344333818859763 1.0
0.5 0.0 23.0 1.8618427508434499 -2.98230726871045 1.0
0.5 0.0 24.0 -3.1053328390306536 0.3726658102237712 1.0
0.5 0.0 25.0 0.8608529628527357 -4.881647864009651 1.0
0.5 0.0 26.0 4.646772385463915 -0.3113642260389291 1.0
0.5 0.0 27.0 -4.520356153927353 3.575844251941527 1.0
0.5 0.0 28.0 -2.881608680462613 -2.953913547264567 1.0
0.5 0.0 29.0 4.02264400894008 4.784943037498849 1.0
0.5 0.0 30.0 -0.40140687797887153 1.5548821737577532 1.0
0.5 0.0 31.0 0.3775111422739963 0.5845099575262491 1.0
0.5 0.0 32.0 0.22627471167602664 4.438282267105642 1.0
0.5 0.0 33.0 -0.32882260492812954 4.988659587891535 1.0
0.5 0.0 34.0 2.91986278933606 -3.9327773463718763 1.0
0.5 0.0 35.0 -0.9941818681861339 4.92456382371374 1.0
0.5 0.0 36.0 -1.9987659574689456 -1.9203644882193172 1.0
0.5 0.0 37.0 -0.17586997538995508 3.06777748442833 1.0
0.5 0.0 38.0 2.7126404843693432 0.36416932259100143 1.0
0.5 0.0 39.0 3.8927408379387956 3.008543470182138 1.0
0.5 1.0 0.0 3.7961385240438865 4.611487717009849 1.0
0.5 1.0 1.0 1.8945406672094087 -2.8123833101334195 1.0
0.5 1.0 2.0 0.8382161468283433 -2.8773301944458876 1.0
0.5 1.0 3.0 2.185168703723198 2.3077206813043274 1.0
0.5 1.0 4.0 2.178022299174752 3.6130465576853936 1.0
0.5 1.0 5.0 -2.6041555055698162 -4.743167112210043 1.0
0.5 1.0 6.0 4.835798960386995 -2.1388506933815163 1.0
0.5 1.0 7.0 -1.7458094544102942 4.972067998106336 1.0
0.5 1.0 8.0 -3.8611735925740795 4.226265728178532 1.0
0.5 1.0 9.0 -2.7533618101872026 2.128011629700847 1.0
0.5 1.0 10.0 -2.4946108293758487 1.2944312936988869 1.0
0.5 1.0 11.0 -0.4395315368602928 -0.9490674543683504 1.0
0.5 1.0 12.0 0.19297916940223026 0.2115105572408691 1.0
0.5 1.0 13.0 -4.879509817093371 -3.159622898305028 1.0
0.5 1.0 14.0 -1.274851972502955 -3.3766486507045066 1.0
0.5 1.0 15.0 3.4748105481219778 -4.677767083541474 1.0
0.5 1.0 16.0 0.1821331441190246 -0.4331771166485048 1.0
0.5 1.0 17.0 2.786106421672242 4.162425687650453 1.0
0.5 1.0 18.0 -3.426423425894225 4.141876385318943 1.0
0.5 1.0 19.0 -4.750741213950176 0.23798483558064465 1.0
0.5 1.0 20.0 3.107364482056722 -2.656403338019552 1.0
0.5 1.0 21.0 3.883165562196581 -2.807698006302899 1.0
0.5 1.0 22.0 -2.673183575056479 -1.95546062903857 1.0
0.5 1.0 23.0 -0.1660002104549898 -2.0060235807128537 1.0
0.5 1.0 24.0 2.8091534982243482 2.791477154596514 1.0
0.5 1.0 25.0 -4.920864445237438 0.2737235620904457 1.0
0.5 1.0 26.0 -3.598613838885154 -1.1829930875833572 1.0
0.5 1.0 27.0 2.735414533401456 -2.7686008742185617 1.0
0.5 1.0 28.0 -0.18454584912355543 4.465297182546816 1.0
0.5 1.0 29.0 -3.9476165064442004 3.985271566727244 1.0
0.5 1.0 30.0 4.812663878013543 -4.907414264378184 1.0
0.5 1.0 31.0 -2.389421767780162 0.3782496222393741 1.0
0.5 1.0 32.0 -3.8218325496504413 -0.5731399081134514 1.0
0.5 1.0 33.0 2.246893614776324 -3.539142630788511 1.0
0.5 1.0 34.0 -1.780571157609839 -2.642512428506892 1.0
0.5 1.0 35.0 0.7935218367403438 -3.8616845539254676 1.0
0.5 1.0 36.0 -1.381668822471518 -4.825613734952482 1.0
0.5 1.0 37.0 -3.156098340346486 -2.2008202309839486 1.0
0.5 1.0 38.0 -1.8752232568916316 -1.6123420267130828 1.0
0.5 1.0 39.0 -4.551429910479206 -1.8644453067778088 1.0
0.5 2.0 0.0 -4.199662565364383 -4.567569335244488 1.0
0.5 2.0 1.0 0.8957633928585746 -3.180017992914903 1.0
0.5 2.0 2.0 -2.696282158264185 -2.2000121049938914 1.0
0.5 2.0 3.0 0.546066945535113 -4.778314632075457 1.0
0.5 2.0 4.0 -1.9445095176406046 3.435089363672244 1.0
0.5 2.0 5.0 3.067365418306963 1.9249243249979218 1.0
0.5 2.0 6.0 4.027773773867324 0.6007161681869588 1.0
0.5 2.0 7.0 2.3558002436013563 1.4547942542997374 1.0
0.5 2.0 8.0 0.37521914272996604 -1.164698274391982 1.0
0.5 2.0 9.0 2.930391985025734 0.32088315069608875 1.0
0.5 2.0 10.0 2.156882828866734 2.1138368631084106 1.0
0.5 2.0 11.0 -1.3465599150012633 -3.7432213655027127 1.0
0.5 2.0 12.0 1.9942545081245484 -3.1269332866784816 1.0
0.5 2.0 13.0 4.255763301153042 2.363489509144836 1.0
0.5 2.0 14.0 -3.3310728507547482 4.172324961671666 1.0
0.5 2.0 15.0 -1.6646975673461628 -2.2425653374698507 1.0
0.5 2.0 16.0 -1.6159153718925534 0.9353797652354237 1.0
0.5 2.0 17.0 -2.7504480293068134 0.2787185484945489 1.0
0.5 2.0 18.0 -3.3028042248180753 -0.04500947180438697 1.0
0.5 2.0 19.0 1.6367494815290309 4.833001918789924 1.0
0.5 2.0 20.0 3.9770026514341783 2.140708641578466 1.0
0.5 2.0 21.0 1.177695827809253 3.020344344735147 1.0
0.5 2.0 22.0 0.6460936226428604 -2.648223331978754 1.0
0.5 2.0 23.0 -1.3504589296919134 -4.153019288949715 1.0
0.5 2.0 24.0 -3.5589437048713735 2.0808157998697387 1.0
0.5 2.0 25.0 1.3248160929567243 1.5210704597988958 1.0
0.5 2.0 26.0 0.455409799064153 3.2403115346763958 1.0
0.5 2.0 27.0 -3.6665510914705566 4.601030380366396 1.0
0.5 2.0 28.0 -4.173786744682497 -2.6472566094241534 1.0
0.5 2.0 29.0 -3.267544972179206 1.0951510866567293 1.0
0.5 2.0 30.0 4.583459442874457 3.5565275148255644 1.0
0.5 2.0 31.0 -3.2825551654759577 -3.4962359399116716 1.0
0.5 2.0 32.0 4.402056168678088 -2.9862295554865073 1.0
0.5 2.0 33.0 -2.3379556769592638 0.2503121387765086 1.0
0.5 2.0 34.0 1.779408840037683 -3.457838497459359 1.0
0.5 2.0 35.0 1.4857782310694976 0.465251350145909 1.0
0.5 2.0 36.0 -4.49268340171705 -3.40784232772416 1.0
0.5 2.0 37.0 4.227918321178253 -2.3332116159129814 1.0
0.5 2.0 38.0 0.21509778037436433 -0.948054258667165 1.0
0.5 2.0 39.0 0.644252398507172 4.525041598108162 1.0
0.5 3.0 0.0 2.231564558424002 4.786489819784258 1.0
0.5 3.0 1.0 0.14568263836090356 1.601285757298685 1.0
0.5 3.0 2.0 -0.9533280384198308 -1.6966942468152024 1.0
0.5 3.0 3.0 -4.537985211283483 -4.278479782249719 1.0
0.5 3.0 4.0 -0.7506380653874514 1.486429435621889 1.0
0.5 3.0 5.0 -1.9587467443669713 -1.5263155708158127 1.0
0.5 3.0 6.0 1.9763375410549697 3.9513731193897232 1.0
0.5 3.0 7.0 -1.6158284297544965 -2.7895899339209764 1.0
0.5 3.0 8.0 3.6271945997041186 -1.7523051000229497 1.0
0.5 3.0 9.0 -4.734124623153458 -0.10570741376618287 1.0
0.5 3.0 10.0 4.8845492278506715 -2.1278691009648765 1.0
0.5 3.0 11.0 -4.889460583665266 -1.8597694669331122 1.0
0.5 3.0 12.0 2.923496574233731 4.854073367103274 1.0
0.5 3.0 13.0 1.662436900606604 -0.11053506533317403 1.0
0.5 3.0 14.0 2.102946473542757 1.5364984813625657 1.0
0.5 3.0 15.0 -3.464150021976918 4.292529270772411 1.0
0.5 3.0 16.0 1.4020757419982042 -1.900716517219255 1.0
0.5 3.0 17.0 3.2283893048774477 -3.416602553164468 1.0
0.5 3.0 18.0 -1.60165062214881 3.3581741793817237 1.0
0.5 3.0 19.0 0.7467131540440679 -0.005305924803708173 1.0
0.5 3.0 20.0 -2.320742625302451 1.4214986031917585 1.0
0.5 3.0 21.0 -1.8794149451837439 -4.906087710502356 1.0
0.5 3.0 22.0 -3.761874633957245 0.8980431805338966 1.0
0.5 3.0 23.0 -2.2293402393985264 4.31316156118428 1.0
0.5 3.0 24.0 -0.3749470349847064 -3.4766561879269755 1.0
0.5 3.0 25.0 3.9473499203758813 0.9000434834180755 1.0
0.5 3.0 26.0 0.40724175571334786 -4.692033892954704 1.0
0.5 3.0 27.0 2.2725677010766168 -2.9651650133961294 1.0
0.5 3.0 28.0 4.8386744217459245 0.6101794742141902 1.0
0.5 3.0 29.0 -2.2069041875286235 -4.560762691718487 1.0
0.5 3.0 30.0 4.547314897453274 -2.103239802392186 1.0
0.5 3.0 31.0 1.8937924622731996 2.444520341019345 1.0
0.5 3.0 32.0 -2.4813038655397355 -4.620517836526155 1.0
0.5 3.0 33.0 2.9207920027104723 -1.8080198369546006 1.0
0.5 3.0 34.0 -3.312031302685919 1.2011848612546805 1.0
0.5 3.0 35.0 1.429307303850881 1.4061970038999672 1.0
0.5 3.0 36.0 -4.9518119839450065 -3.605861688914449 1.0
0.5 3.0 37.0 -1.4023948216395676 2.0116639469068653 1.0
0.5 3.0 38.0 3.3408158132831893 -0.5552548203093375 1.0
0.5 3.0 39.0 -4.4618308753239155 4.7559333541845135 1.0
0.5 4.0 0.0 0.11512285024105395 3.9724604438497053 1.0
0.5 4.0 1.0 1.98902031159267 0.9575050237745542 1.0
0.5 4.0 2.0 4.226372322028082 -4.232875710619659 1.0
0.5 4.0 3.0 -4.817376059091139 3.5142608795221406 1.0
0.5 4.0 4.0 -3.311622747478994 -0.7722596105917034 1.0
0.5 4.0 5.0 3.5667555513924114 2.388326313878208 1.0
0.5 4.0 6.0 2.2042207127382536 -3.8929405137471864 1.0
0.5 4.0 7.0 -4.508840012566892 3.9258179865766802 1.0
0.5 4.0 8.0 0.6696341165642306 1.39014969072739 1.0
0.5 4.0 9.0 -0.024215616226490155 -2.4249837342730043 1.0
0.5 4.0 10.0 -4.5232682191907365 2.1214724627857375 1.0
0.5 4.0 11.0 -4.759175014847835 -2.1659228647798923 1.0
0.5 4.0 12.0 -1.458498094277644 -4.9561972754285035 1.0
0.5 4.0 13.0 0.8057755119708352 -2.410522395189285 1.0
0.5 4.0 14.0 1.6366584155519082 -1.9763333423181195 1.0
0.5 4.0 15.0 0.6541190875299492 1.398968211635835 1.0
0.5 4.0 16.0 -0.16783843267977083 -1.588207308411155 1.0
0.5 4.0 17.0 -1.7877350311509268 3.727878047632915 1.0
0.5 4.0 18.0 -4.371085090591034 -1.2765946683492246 1.0
0.5 4.0 19.0 -1.294226731128668 -2.334791291580438 1.0
0.5 4.0 20.0 1.7168557589125424 -3.677986187876645 1.0
0.5 4.0 21.0 0.8328729248571101 4.226013567790105 1.0
0.5 4.0 22.0 -3.803147973852341 -0.8483188111597331 1.0
0.5 4.0 23.0 -2.3652694463194166 0.9891551913202097 1.0
0.5 4.0 24.0 -3.423471592573375 3.9865819070290733 1.0
0.5 4.0 25.0 -4.0561254371337725 1.5245999044589444 1.0
0.5 4.0 26.0 -2.116657873937464 -2.847009066086871 1.0
0.5 4.0 27.0 4.856638732004486 3.831988036319018 1.0
0.5 4.0 28.0 -4.166066015752701 0.2276667721086989 1.0
0.5 4.0 29.0 -3.697558269947776 -3.1576955353724614 1.0
0.5 4.0 30.0 -1.8430128066398224 4.827928490039962 1.0
0.5 4.0 31.0 4.97216711722157 -1.0729597340951749 1.0
0.5 4.0 32.0 -4.112478388562154 1.2825474078648416 1.0
0.5 4.0 33.0 0.6198668988280565 1.3143263373114848 1.0
0.5 4.0 34.0 1.7337607109991122 -4.291093830015758 1.0
0.5 4.0 35.0 3.066463814293707 2.3290859700164894 1.0
0.5 4.0 36.0 4.463411817531078 -1.1792956672504742 1.0
0.5 4.0 37.0 -0.8889216761225107 -4.545655456787978 1.0
0.5 4.0 38.0 -3.3356041443726747 -2.348180313780921 1.0
0.5 4.0 39.0 0.9950606160176259 -4.646601083006928 1.0
0.5 5.0 0.0 -1.7942230559567527 -1.6942406289516567 1.0
0.5 5.0 1.0 -1.9342361867449611 1.1976403754117904 1.0
0.5 5.0 2.0 -0.7421650933015158 3.826467260827057 1.0
0.5 5.0 3.0 -3.1484583772363606 -4.087607406828225 1.0
0.5 5.0 4.0 4.825935645069952 -3.664922483886256 1.0
0.5 5.0 5.0 -0.11358703082185873 3.283210154769449 1.0
0.5 5.0 6.0 -2.588950563317185 -3.311463290534049 1.0
0.5 5.0 7.0 0.3122868010584252 2.257658907491008 1.0
0.5 5.0 8.0 -4.369522377982575 -1.9101579203522023 1.0
0.5 5.0 9.0 -2.461409526400533 -0.7673203054675151 1.0
0.5 5.0 10.0 4.4155456549131 2.315972026750356 1.0
0.5 5.0 11.0 -0.9463955841692542 4.635211360814713 1.0
0.5 5.0 12.0 -3.2512725287935718 -1.471584283907882 1.0
0.5 5.0 13.0 4.858753477934981 -0.31616789603630124 1.0
0.5 5.0 14.0 -2.1891333673498647 4.992531931721768 1.0
0.5 5.0 15.0 3.9365610929854338 2.861751033922447 1.0
0.5 5.0 16.0 -0.12013643711529731 3.4558006934936554 1.0
0.5 5.0 17.0 -3.3350747004934043 3.336564323320019 1.0
0.5 5.0 18.0 0.3554042172861678 4.421354508460329 1.0
0.5 5.0 19.0 3.1548272469205703 0.32976544071226854 1.0
0.5 5.0 20.0 -4.119998649074135 -0.8979907137294694 1.0
0.5 5.0 21.0 -4.884460994384296 3.2690802201830333 1.0
0.5 5.0 22.0 2.684833033822911 0.45133764379593977 1.0
0.5 5.0 23.0 -1.959153295840994 -2.550728924525486 1.0
0.5 5.0 24.0 -2.9904445328712437 1.3421595238917412 1.0
0.5 5.0 25.0 1.2617612251612718 3.8821378001482447 1.0
0.5 5.0 26.0 -0.2715212890095975 2.699151557840361 1.0
0.5 5.0 27.0 -4.274357479237897 0.03401648081189723 1.0
0.5 5.0 28.0 -3.8388075419132637 -1.808894989773433 1.0
0.5 5.0 29.0 3.238610290259402 0.22915947945955573 1.0
0.5 5.0 30.0 -4.546066748316047 4.94969096862963 1.0
0.5 5.0 31.0 -3.6524236071354865 0.6399543553839804 1.0
0.5 5.0 32.0 3.8886879970002965 1.705415165164574 1.0
0.5 5.0 33.0 -4.959819089576762 3.9900197688463184 1.0
0.5 5.0 34.0 3.0102312497073775 -3.2822159938377684 1.0
0.5 5.0 35.0 -4.994632824007229 3.363796175290215 1.0
0.5 5.0 36.0 -3.443002030289126 -2.074485024208923 1.0
0.5 5.0 37.0 2.324288364172994 2.846321029782981 1.0
0.5 5.0 38.0 -0.1601045233428149 -3.146031081104711 1.0
0.5 5.0 39.0 1.1506867320703744 -4.890535520713676 1.0
0.5 6.0 0.0 1.4338597260208372 -4.00920021084489 1.0
0.5 6.0 1.0 4.191842697001459 2.5159726210041704 1.0
0.5 6.0 2.0 -0.16982991420990068 -3.42285183710221 1.0
0.5 6.0 3.0 0.6156428666030687 -1.1697500413452913 1.0
0.5 6.0 4.0 -2.9567677749747032 0.060535351501829204 1.0
0.5 6.0 5.0 2.386268816291185 3.2048829789081204 1.0
0.5 6.0 6.0 -2.926251607913338 1.8169379947746656 1.0
0.5 6.0 7.0 -2.0295369699071464 -3.2455072512453933 1.0
0.5 6.0 8.0 -0.3991081129386922 0.17335735940771713 1.0
0.5 6.0 9.0 1.8582806624287427 4.733578832094237 1.0
0.5 6.0 10.0 -1.6906879402570318 -2.7514795981540665 1.0
0.5 6.0 11.0 -0.5933112303081725 4.102593200427522 1.0
0.5 6.0 12.0 -1.1475079385637033 0.678180504173092 1.0
0.5 6.0 13.0 -0.8586733866890741 -2.903435255547836 1.0
0.5 6.0 14.0 3.6121911149948964 -3.0971860739271984 1.0
0.5 6.0 15.0 -1.1588015950594865 -3.6968289932569864 1.0
0.5 6.0 16.0 -0.8655978970226039 -2.6306662663981326 1.0
0.5 6.0 17.0 -2.516984580924607 -4.28776780484085 1.0
0.5 6.0 18.0 -2.5945408431847303 -1.2652255379541422 1.0
0.5 6.0 19.0 2.4363654549101765 -4.783819727059646 1.0
0.5 6.0 20.0 3.9776364252550973 -3.0412716402381754 1.0
0.5 6.0 21.0 0.17783498137325804 3.121135040787596 1.0
0.5 6.0 22.0 4.3617754930682935 3.0326366995686023 1.0
0.5 6.0 23.0 -0.7683338072255612 2.370796499324718 1.0
0.5 6.0 24.0 -4.924811296040917 -4.98212195346468 1.0
0.5 6.0 25.0 -3.9535202439788053 1.3904406423853626 1.0
0.5 6.0 26.0 -2.7337134369950222 -2.949087567947959 1.0
0.5 6.0 27.0 -1.9179465336213064 -0.27411417831179463 1.0
0.5 6.0 28.0 -1.0669217544816654 1.0225775290710972 1.0
0.5 6.0 29.0 3.507094846519669 1.982370746015901 1.0
0.5 6.0 30.0 -3.589100061694228 0.7499551346549049 1.0
0.5 6.0 31.0 3.5984017416765273 0.9608697222995737 1.0
0.5 6.0 32.0 -2.9745707176211447 1.6330564912439192 1.0
0.5 6.0 33.0 2.183754280908376 2.3444428152311145 1.0
0.5 6.0 34.0 2.590243189048338 1.0249048727168253 1.0
0.5 6.0 35.0 -3.7146571827183528 -1.1952013892289926 1.0
0.5 6.0 36.0 -2.2261126956953383 -4.157581492029248 1.0
0.5 6.0 37.0 3.497479229765517 0.9793283626555995 1.0
0.5 6.0 38.0 -1.7303819989197375 4.306825999157088 1.0
0.5 6.0 39.0 4.571799923719354 -3.5885555668922486 1.0
0.5 7.0 0.0 1.1716905794121644 -1.873820682178172 1.0
0.5 7.0 1.0 4.185117457618091 -4.747864820640936 1.0
0.5 7.0 2.0 3.995265928993936 -0.0811520984098042 1.0
0.5 7.0 3.0 -1.0704647402165222 3.288228017928944 1.0
0.5 7.0 4.0 -0.6272922456680394 -1.7742838045795386 1.0
0.5 7.0 5.0 -0.8086126931217263 -1.3070700653102243 1.0
0.5 7.0 6.0 -0.382744350357207 -0.9298741973149847 1.0
0.5 7.0 7.0 0.7750232244370014 -1.213209799421644 1.0
0.5 7.0 8.0 -0.9342484339247239 -1.3015600676448527 1.0
0.5 7.0 9.0 2.8794069850323574 -2.9476866648419264 1.0
0.5 7.0 10.0 2.3953044496116096 -3.129571329230915 1.0
0.5 7.0 11.0 1.3499595537849167 -1.3369773423691846 1.0
0.5 7.0 12.0 3.9544866330506707 3.867505144905511 1.0
0.5 7.0 13.0 0.005014167830910132 4.867858280072472 1.0
0.5 7.0 14.0 -3.4421535807167047 -2.75182734018483 1.0
0.5 7.0 15.0 -1.7242768335883438 2.7143674180072104 1.0
0.5 7.0 16.0 -1.836762143964635 -3.6961333824904585 1.0
0.5 7.0 17.0 0.4001948265614672 -3.2007747858258107 1.0
0.5 7.0 18.0 1.3846607574671177 3.154706167236167 1.0
0.5 7.0 19.0 -0.022901383068305137 4.002201504744482 1.0
0.5 7.0 20.0 3.8890156829132287 -0.5265016311508344 1.0
0.5 7.0 21.0 3.8109297939252684 0.4897675736642313 1.0
0.5 7.0 22.0 -2.616626670216966 -3.062335741926799 1.0
0.5 7.0 23.0 0.6705745454353558 2.66711515209286 1.0
0.5 7.0 24.0 -0.8799296440807058 -2.3174136467687667 1.0
0.5 7.0 25.0 3.8347729847104066 0.2124371300262613 1.0
0.5 7.0 26.0 2.6301392968316497 -1.7337969111428366 1.0
0.5 7.0 27.0 1.1125296734628805 -0.1551012146119195 1.0
0.5 7.0 28.0 3.741285211220898 -3.046493656759637 1.0
0.5 7.0 29.0 2.403473138544107 3.0578053317890976 1.0
0.5 7.0 30.0 3.8448274804308618 -0.5090749983230314 1.0
0.5 7.0 31.0 2.8026200205552776 -0.30894899183310454 1.0
0.5 7.0 32.0 4.846725396406251 2.9644018551484557 1.0
0.5 7.0 33.0 -1.2440467755660323 1.9220109701726864 1.0
0.5 7.0 34.0 -0.7289898138706246 0.8213106586818597 1.0
0.5 7.0 35.0 -4.162323417664975 0.021618835165925 1.0
0.5 7.0 36.0 4.579650362077041 4.6851715023889255 1.0
0.5 7.0 37.0 -0.6530426372758926 2.052446319953674 1.0
0.5 7.0 38.0 2.9310775856562463 0.20346732292907888 1.0
0.5 7.0 39.0 3.1114304969264026 4.578183831282489 1.0
0.5 8.0 0.0 -3.679693134355133 4.8426810111095 1.0
0.5 8.0 1.0 -2.36332022329494 0.40899617931375953 1.0
0.5 8.0 2.0 2.3267856674288376 -4.718993547945392 1.0
0.5 8.0 3.0 -3.944625282848888 2.4248060656896815 1.0
0.5 8.0 4.0 -2.458189678012536 0.8480120398264486 1.0
0.5 8.0 5.0 -4.793312060816622 -0.4013602006614123 1.0
0.5 8.0 6.0 4.155551568866139 -2.6781344033630394 1.0
0.5 8.0 7.0 -0.3839242864638992 2.4847388706321096 1.0
0.5 8.0 8.0 0.15443205862840337 2.3185575982702726 1.0
0.5 8.0 9.0 -1.8525478834302178 0.6412316915522576 1.0
0.5 8.0 10.0 -4.887191944655349 -0.5061166261108374 1.0
0.5 8.0 11.0 -3.3357513785882453 3.7247262395887297 1.0
0.5 8.0 12.0 1.6586002355904137 3.8277809013114776 1.0
0.5 8.0 13.0 -4.837206896737206 1.3242692924984842 1.0
0.5 8.0 14.0 -2.6492685189155907 4.371942136019882 1.0
0.5 8.0 15.0 4.530907196469045 3.9946954818002 1.0
0.5 8.0 16.0 2.926929677906016 4.015446037446161 1.0
0.5 8.0 17.0 -3.6634371924217235 -0.595536600752328 1.0
0.5 8.0 18.0 0.6636514950295025 -1.940507904212141 1.0
0.5 8.0 19.0 -1.1340982314636348 3.030659128515511 1.0
0.5 8.0 20.0 0.9355941178826912 4.691136170142919 1.0
0.5 8.0 21.0 4.006867321333461 2.4139237506834545 1.0
0.5 8.0 22.0 -4.029539224181654 0.8072651955970631 1.0
0.5 8.0 23.0 2.5141561854156027 -2.3713636017246262 1.0
0.5 8.0 24.0 -2.7346509829453214 -3.9361315289052956 1.0
0.5 8.0 25.0 -0.3068530891815353 -1.6712297704758217 1.0
0.5 8.0 26.0 -2.835666568562889 -3.4880037175471412 1.0
0.5 8.0 27.0 -0.39508075378182106 -0.5025930500115869 1.0
0.5 8.0 28.0 -4.307477586273617 -3.269376782689325 1.0
0.5 8.0 29.0 3.5214260630367384 3.857983177519941 1.0
0.5 8.0 30.0 0.9000638656464419 -4.022039603332778 1.0
0.5 8.0 31.0 -2.450659799569733 -1.2020882240282305 1.0
0.5 8.0 32.0 4.690283530661379 -0.44340695265804264 1.0
0.5 8.0 33.0 -4.906957115953131 -0.38969349746967996 1.0
0.5 8.0 34.0 -3.6106574301155003 1.3241399368372164 1.0
0.5 8.0 35.0 2.1416820985144236 -1.1228887930025886 1.0
0.5 8.0 36.0 3.160500851874936 -2.9200290738364734 1.0
0.5 8.0 37.0 -2.7578253659283547 3.897014462220204 1.0
0.5 8.0 38.0 -0.22572211397836384 1.4198347558156774 1.0
0.5 8.0 39.0 3.459485774026467 0.2041128698589345 1.0
0.5 9.0 0.0 0.21650618311241043 2.5740860177557465 1.0
0.5 9.0 1.0 -3.3725321233570504 -0.5716453145082383 1.0
0.5 9.0 2.0 0.14947624986201014 0.7315263424951279 1.0
0.5 9.0 3.0 2.757995784363234 4.016384710400791 1.0
0.5 9.0 4.0 2.337071562094036 -4.600300616108978 1.0
0.5 9.0 5.0 -2.3969112401503123 -0.3385183308487498 1.0
0.5 9.0 6.0 -3.1970023651345003 -3.5361888442193634 1.0
0.5 9.0 7.0 3.0541619096839625 -1.316139367387501 1.0
0.5 9.0 8.0 3.7119167997071507 1.7802759352323232 1.0
0.5 9.0 9.0 -1.6854960813859208 4.057690852237073 1.0
0.5 9.0 10.0 -0.2535085210780057 1.3772112108345667 1.0
0.5 9.0 11.0 -1.4044710472688027 4.298756325421367 1.0
0.5 9.0 12.0 -1.900943321105247 4.633039710371635 1.0
0.5 9.0 13.0 0.46430669649965495 4.006767431001993 1.0
0.5 9.0 14.0 -1.8951668335872727 2.1656789956257363 1.0
0.5 9.0 15.0 0.9093256823791389 3.4989052864778927 1.0
0.5 9.0 16.0 3.0143023886718225 -1.411369675474612 1.0
0.5 9.0 17.0 -3.306602239634034 3.6762629227023673 1.0
0.5 9.0 18.0 3.435567913012651 -4.223393170477351 1.0
0.5 9.0 19.0 1.6270667812224886 -0.9675737184261655 1.0
0.5 9.0 20.0 -0.42677355646434734 -1.1678321129676417 1.0
0.5 9.0 21.0 2.022836072972063 2.5435083512750474 1.0
0.5 9.0 22.0 -2.451521823339222 -1.4438465048675808 1.0
0.5 9.0 23.0 4.779981098725237 1.0715388800038852 1.0
0.5 9.0 24.0 3.805909763520983 4.898544601900117 1.0
0.5 9.0 25.0 -1.6983282444646663 -1.131818094067781 1.0
0.5 9.0 26.0 -3.1044156521210544 -4.397299882229834 1.0
0.5 9.0 27.0 3.76057552538831 -0.21666519726195688 1.0
0.5 9.0 28.0 -2.2352237836415134 3.0547496799932716 1.0
0.5 9.0 29.0 3.106071068400702 -4.136759830727753 1.0
0.5 9.0 30.0 -1.8981064237327807 0.21125028442889082 1.0
0.5 9.0 31.0 0.6456509932051855 1.1653209041517378 1.0
0.5 9.0 32.0 1.2458317323654287 3.4020443614992484 1.0
0.5 9.0 33.0 -2.9649504133190474 4.8220245819548975 1.0
0.5 9.0 34.0 1.7072071569086518 -4.208418019207932 1.0
0.5 9.0 35.0 -1.9239200076298135 -3.346455272069515 1.0
0.5 9.0 36.0 -2.556380224467789 0.33079822211903576 1.0
0.5 9.0 37.0 -4.151876573505865 1.959359467602189 1.0
0.5 9.0 38.0 3.689301109994169 -4.85702956402174 1.0
0.5 9.0 39.0 -3.611340200171412 -0.48888459684193997 1.0
0.5 10.0 0.0 -1.6397963495831327 -2.539201579281969 1.0
0.5 10.0 1.0 -3.6098081580559906 -1.7755503658112728 1.0
0.5 10.0 2.0 -3.1612095480938587 4.468288633996163 1.0
0.5 10.0 3.0 1.1953535663480626 3.5049337269314194 1.0
0.5 10.0 4.0 -1.711508473869443 0.6998452225527689 1.0
0.5 10.0 5.0 -2.2510351517344205 3.8433940991002284 1.0
0.5 10.0 6.0 -3.4440091775040784 2.010300334768421 1.0
0.5 10.0 7.0 -0.8947695970374436 1.878441293784899 1.0
0.5 10.0 8.0 -3.8097863115493613 -4.446553575615848 1.0
0.5 10.0 9.0 1.590245689508789 1.8491252207227742 1.0
0.5 10.0 10.0 -1.8599101705609633 3.6929585476845173 1.0
0.5 10.0 11.0 1.7844204132642112 -2.87179725821563 1.0
0.5 10.0 12.0 0.28886484660633815 -2.681576803970885 1.0
0.5 10.0 13.0 -1.8836161821607855 -2.6434119298920598 1.0
0.5 10.0 14.0 -4.859059343183746 0.6505213948146675 1.0
0.5 10.0 15.0 1.049392161609962 4.592134775369962 1.0
0.5 10.0 16.0 0.6979267427206519 -4.7067618979838235 1.0
0.5 10.0 17.0 -3.406792616735067 1.8409705921750898 1.0
0.5 10.0 18.0 0.8437888831938825 -3.972702214795638 1.0
0.5 10.0 19.0 0.18887068438677446 -4.642807764988074 1.0
0.5 10.0 20.0 -1.595320207365858 4.637861170658082 1.0
0.5 10.0 21.0 1.8907521674671193 4.176798719443688 1.0
0.5 10.0 22.0 -2.542751292863985 0.9308346138640564 1.0
0.5 10.0 23.0 -0.7902969871384862 -3.5056754987707492 1.0
0.5 10.0 24.0 1.4299189315885137 2.015983656619902 1.0
0.5 10.0 25.0 0.9830952899913017 2.6957084033672407 1.0
0.5 10.0 26.0 0.07483632167244281 1.9213606635885059 1.0
0.5 10.0 27.0 4.201988048160718 -0.8714842932147953 1.0
0.5 10.0 28.0 1.4838851502104031 3.6523927565925813 1.0
0.5 10.0 29.0 -4.147392732284465 -4.979294030453094 1.0
0.5 10.0 30.0 4.980377604230382 4.920296017493786 1.0
0.5 10.0 31.0 3.5187820037371935 -2.6482804140821092 1.0
0.5 10.0 32.0 -3.0612750114531617 -3.0616803191348616 1.0
0.5 10.0 33.0 1.7439376848923995 4.934731369599598 1.0
0.5 10.0 34.0 4.367598087071205 2.9206420859007087 1.0
0.5 10.0 35.0 -4.034310524159625 3.486502657937338 1.0
0.5 10.0 36.0 0.4377920812960525 -0.7824240949726029 1.0
0.5 10.0 37.0 2.2130432118037016 -1.9586656796517032 1.0
0.5 10.0 38.0 2.044212002211255 -2.6179349957396356 1.0
0.5 10.0 39.0 -1.3043430547171884 -2.2917914142959814 1.0
0.5 11.0 0.0 1.9620993712005683 -0.11371543432733944 1.0
0.5 11.0 1.0 4.916572111737668 0.4752794677313146 1.0
0.5 11.0 2.0 -2.809180218521724 -4.30651823119653 1.0
0.5 11.0 3.0 -4.995722495578994 2.5334547986170994 1.0
0.5 11.0 4.0 0.674240777612038 4.439026667209575 1.0
0.5 11.0 5.0 4.5869182211584665 -2.57911233962819 1.0
0.5 11.0 6.0 -4.255072249055528 -0.4140337375481984 1.0
0.5 11.0 7.0 4.720921600986241 -4.817226002890118 1.0
0.5 11.0 8.0 1.360088180479928 1.5942079460654837 1.0
0.5 11.0 9.0 2.1382563821094855 0.6959317798842832 1.0
0.5 11.0 10.0 1.4804030511722104 1.8787822279933675 1.0
0.5 11.0 11.0 2.3910050513751733 3.3252154280768647 1.0
0.5 11.0 12.0 3.788580197093543 -2.8685359522661944 1.0
0.5 11.0 13.0 1.348871343144694 -2.8411045205419616 1.0
0.5 11.0 14.0 1.3526743187637749 1.4413622037048128 1.0
0.5 11.0 15.0 0.9447076994255514 2.212715046456987 1.0
0.5 11.0 16.0 -4.190084906165383 0.5739127686741377 1.0
0.5 11.0 17.0 -2.9349063275485365 2.1974087329401737 1.0
0.5 11.0 18.0 2.179993768354338 -1.2459619371876531 1.0
0.5 11.0 19.0 1.0474538987810185 3.7120501229497513 1.0
0.5 11.0 20.0 3.512458275299659 3.3480682618027853 1.0
0.5 11.0 21.0 1.3721540289069267 -4.944326909187723 1.0
0.5 11.0 22.0 -1.7689305030939515 -3.0496596906704445 1.0
0.5 11.0 23.0 -1.172530985565782 0.2421873385829656 1.0
0.5 11.0 24.0 4.258678704706059 -0.4457712857027243 1.0
0.5 11.0 25.0 -3.3227308887861904 -4.741311764396618 1.0
0.5 11.0 26.0 1.7893834259249743 -4.2763217463314875 1.0
0.5 11.0 27.0 -2.8242768039420287 -0.875158807292471 1.0
0.5 11.0 28.0 0.9204265605862787 2.9801505338073895 1.0
0.5 11.0 29.0 -2.8497279535318554 1.891093254674006 1.0
0.5 11.0 30.0 1.2645061621504103 -2.018789602547085 1.0
0.5 11.0 31.0 -1.6864237538152818 -4.643948756402681 1.0
0.5 11.0 32.0 -1.8661368690771338 -3.5091802677676096 1.0
0.5 11.0 33.0 2.4670986756596562 -0.011565851591981868 1.0
0.5 11.0 34.0 3.9207214356234594 1.6277215467722117 1.0
0.5 11.0 35.0 -2.1765668777895355 3.306593592619336 1.0
0.5 11.0 36.0 3.894357112373788 2.4271367469066654 1.0
0.5 11.0 37.0 0.3014424229513928 0.7986709172413633 1.0
0.5 11.0 38.0 2.7932723642598596 1.3623162068228787 1.0
0.5 11.0 39.0 2.8377269500214357 0.3590360997276072 1.0
0.5 12.0 0.0 2.3116601783859414 -4.85367751737299 1.0
0.5 12.0 1.0 -3.49010833506897 -4.828263583883363 1.0
0.5 12.0 2.0 -0.1374575726485876 -2.129257383492573 1.0
0.5 12.0 3.0 -0.4184612843093056 -2.0107459921552806 1.0
0.5 12.0 4.0 -4.1543288590310485 -0.6631375150839682 1.0
0.5 12.0 5.0 4.455860275023646 1.834959500228659 1.0
0.5 12.0 6.0 0.056483173603549375 4.296158987594042 1.0
0.5 12.0 7.0 -2.0358337337880505 -1.699785951725822 1.0
0.5 12.0 8.0 -2.156894779288362 0.2407981455419792 1.0
0.5 12.0 9.0 -2.5823749642590577 4.812164725155881 1.0
0.5 12.0 10.0 3.1516029617437074 2.371153252269437 1.0
0.5 12.0 11.0 3.41495841673456 -3.484157561891256 1.0
0.5 12.0 12.0 -1.304620387541621 4.416180882114016 1.0
0.5 12.0 13.0 0.5257805194509562 -3.2557386512398487 1.0
0.5 12.0 14.0 3.142825257535174 3.0938333226116193 1.0
0.5 12.0 15.0 -1.3412792397033177 2.4427881945392276 1.0
0.5 12.0 16.0 1.4380247831761883 2.1724973732093726 1.0
0.5 12.0 17.0 1.175428781127711 -2.6308657295212723 1.0
0.5 12.0 18.0 -2.8474660110192875 -0.6692065711318964 1.0
0.5 12.0 19.0 0.6260130753398654 -3.5921048346278917 1.0
0.5 12.0 20.0 -4.888060828565127 -4.688116495515082 1.0
0.5 12.0 21.0 -0.6415903791125599 -1.0813510151611871 1.0
0.5 12.0 22.0 -1.550885739966743 0.22977599875787114 1.0
0.5 12.0 23.0 0.19364395842660276 -2.3208072149498116 1.0
0.5 12.0 24.0 -3.2932036474979567 -3.691064669252971 1.0
0.5 12.0 25.0 1.8608880892186104 2.6905837063591234 1.0
0.5 12.0 26.0 0.6453033168947115 -0.17516334366063546 1.0
0.5 12.0 27.0 4.950679224682856 -4.121777989777345 1.0
0.5 12.0 28.0 -4.993082653413658 -2.4380677492593272 1.0
0.5 12.0 29.0 -3.22838778022446 3.5532997740933006 1.0
0.5 12.0 30.0 2.646664165039513 4.716826810773824 1.0
0.5 12.0 31.0 -2.314724112631045 -1.6084945244167228 1.0
0.5 12.0 32.0 2.1599218280964507 1.8482824132651423 1.0
0.5 12.0 33.0 -2.753848223315829 1.6409658026596707 1.0
0.5 12.0 34.0 -3.5795081118333814 -1.7879928495266881 1.0
0.5 12.0 35.0 -4.212346732788123 -0.7110247307148843 1.0
0.5 12.0 36.0 1.2884711369666393 -2.382994076093622 1.0
0.5 12.0 37.0 -4.027570861415354 2.9971433352508665 1.0
0.5 12.0 38.0 2.1554694630590863 0.8016021171201713 1.0
0.5 12.0 39.0 -0.7354859885221767 -2.2428274904489687 1.0
0.5 13.0 0.0 0.9654123050622756 -4.748934799558936 1.0
0.5 13.0 1.0 4.282859290341134 3.4245514771246093 1.0
0.5 13.0 2.0 -2.1176185920786015 -0.6348899093424132 1.0
0.5 13.0 3.0 -2.439770669867103 -3.4449703369032028 1.0
0.5 13.0 4.0 -0.127359903464618 2.9323575246617892 1.0
0.5 13.0 5.0 2.3584069899055216 2.298819829691068 1.0
0.5 13.0 6.0 3.1262001955285434 -0.019819373663300333 1.0
0.5 13.0 7.0 -2.119903017760171 3.5000465832364522 1.0
0.5 13.0 8.0 -2.536013948373783 3.2421805542887707 1.0
0.5 13.0 9.0 -0.5301237813797455 -4.395956000051563 1.0
0.5 13.0 10.0 -1.3401433255165585 1.7218726553560684 1.0
0.5 13.0 11.0 0.21098937467666268 1.4926778393034015 1.0
0.5 13.0 12.0 -1.0475510749222092 4.129984576118748 1.0
0.5 13.0 13.0 -4.298257409849832 -0.05204662208879007 1.0
0.5 13.0 14.0 -3.069991389647143 1.3341026804989458 1.0
0.5 13.0 15.0 -3.2652999171921238 -4.913263123666902 1.0
0.5 13.0 16.0 -4.557921585614287 0.3832227856171633 1.0
0.5 13.0 17.0 -0.896156397188836 1.814508809544007 1.0
0.5 13.0 18.0 0.22511747239129765 1.1561003800770493 1.0
0.5 13.0 19.0 -4.170695111404827 4.1136362902743375 1.0
0.5 13.0 20.0 2.5248245573935097 4.231112703551988 1.0
0.5 13.0 21.0 4.716237335979759 -1.1882642399738508 1.0
0.5 13.0 22.0 -3.8438513047898724 -4.8133198699543485 1.0
0.5 13.0 23.0 3.3538452732493855 -2.6317286777030837 1.0
0.5 13.0 24.0 3.162665215996471 -3.7848779734679185 1.0
0.5 13.0 25.0 4.412540824566891 2.1726132025630385 1.0
0.5 13.0 26.0 2.5202051685723763 0.6691432498954466 1.0
0.5 13.0 27.0 -3.5883472304092914 1.8643632497594869 1.0
0.5 13.0 28.0 3.1753248450280065 -0.041010287631538134 1.0
0.5 13.0 29.0 -0.9929340606968227 2.2668233060288667 1.0
0.5 13.0 30.0 -3.882591336870181 -4.920378655168811 1.0
0.5 13.0 31.0 -2.712378857356769 -4.332928359949499 1.0
0.5 13.0 32.0 0.15389703759740314 -3.0289037323264 1.0
0.5 13.0 33.0 -3.428941730128071 1.3811799959883775 1.0
0.5 13.0 34.0 2.5913409569395682 0.9016762203948048 1.0
0.5 13.0 35.0 -2.2452578040722395 4.810691027278994 1.0
0.5 13.0 36.0 -0.8793191577967105 0.11199515620423117 1.0
0.5 13.0 37.0 3.4033570621545763 0.526546454271184 1.0
0.5 13.0 38.0 -3.136644131196115 3.069965624455879 1.0
0.5 13.0 39.0 -3.554782985143677 -2.69075820240803 1.0
0.5 14.0 0.0 0.7555481857690793 -3.140083461352019 1.0
0.5 14.0 1.0 -3.399214493579107 -0.47094670134715066 1.0
0.5 14.0 2.0 -3.7689229819915147 -3.5342093347437586 1.0
0.5 14.0 3.0 4.481454495884595 -0.2322301254803536 1.0
0.5 14.0 4.0 0.5091499392331365 -3.992940490809791 1.0
0.5 14.0 5.0 -0.32641422305584644 2.163432350693652 1.0
0.5 14.0 6.0 0.701392889032074 3.3473331918561104 1.0
0.5 14.0 7.0 -2.9377302076104774 4.602167150793701 1.0
0.5 14.0 8.0 -0.5767237537936403 3.919481282846572 1.0
0.5 14.0 9.0 -4.848790017481188 0.586276317678899 1.0
0.5 14.0 10.0 -2.3717403750401536 3.0974002522671835 1.0
0.5 14.0 11.0 1.1995960905503056 -1.6246762437330977 1.0
0.5 14.0 12.0 -0.021317399862343045 -1.006602214735831 1.0
0.5 14.0 13.0 0.6237800127504922 -4.172961820875373 1.0
0.5 14.0 14.0 0.22562826907429212 -0.8285148177811745 1.0
0.5 14.0 15.0 2.301021526636138 4.257427461140535 1.0
0.5 14.0 16.0 2.7906943847735945 -4.559292250238748 1.0
0.5 14.0 17.0 -2.835470995782189 3.594582317426111 1.0
0.5 14.0 18.0 2.025804717687654 0.6289577459770355 1.0
0.5 14.0 19.0 4.793463243368592 4.118219739506067 1.0
0.5 14.0 20.0 2.472901586870079 0.03655425176773619 1.0
0.5 14.0 21.0 1.5785374858816237 -2.842900679532152 1.0
0.5 14.0 22.0 1.85355783709071 -1.869802274960347 1.0
0.5 14.0 23.0 4.483291663360692 -1.7409777722144506 1.0
0.5 14.0 24.0 3.4892575135294646 -2.0382674183131733 1.0
0.5 14.0 25.0 -3.5769259778852214 1.5531982094059735 1.0
0.5 14.0 26.0 -3.6137130865913702 -3.2175161454131307 1.0
0.5 14.0 27.0 2.848218690934133 3.2923482439778198 1.0
0.5 14.0 28.0 -0.6851067023732469 -3.6272388569451874 1.0
0.5 14.0 29.0 4.24485736153572 -4.108012204075621 1.0
0.5 14.0 30.0 -0.12943991155751888 0.7174479586563764 1.0
0.5 14.0 31.0 -4.043740432444562 1.1769075143595265 1.0
0.5 14.0 32.0 0.7259597140182699 -3.1675741583587067 1.0
0.5 14.0 33.0 4.979547451327374 2.9999595065651627 1.0
0.5 14.0 34.0 3.0653397931645436 -3.2170886751772274 1.0
0.5 14.0 35.0 3.2070830607679373 4.915819146077094 1.0
0.5 14.0 36.0 1.5388117407810071 0.23360891541980777 1.0
0.5 14.0 37.0 -2.041217153234667 -1.8275152059550082 1.0
0.5 14.0 38.0 -4.017797414884974 -2.768087799224883 1.0
0.5 14.0 39.0 3.5910621705520054 -1.0741531217626745 1.0
0.5 15.0 0.0 2.6188443334379574 0.3492182589865722 1.0
0.5 15.0 1.0 2.4700719501426 1.287739249640591 1.0
0.5 15.0 2.0 1.49287007192064 3.7917383988342053 1.0
0.5 15.0 3.0 -0.33866361779407583 4.5854654659508345 1.0
0.5 15.0 4.0 -2.5207046320417357 4.641027819828297 1.0
0.5 15.0 5.0 3.3148564283787056 -0.9591345810321368 1.0
0.5 15.0 6.0 -0.6256383200561277 -2.0042226074236758 1.0
0.5 15.0 7.0 1.9142010024410876 3.969573496534732 1.0
0.5 15.0 8.0 -4.709673469832497 3.4602401281277633 1.0
0.5 15.0 9.0 0.31005238085537457 -3.4438115531054136 1.0
0.5 15.0 10.0 2.862082299498905 -4.839003673016865 1.0
0.5 15.0 11.0 -1.226867403872851 -2.721336048979629 1.0
0.5 15.0 12.0 -0.38130450034627206 1.272585784339074 1.0
0.5 15.0 13.0 3.1783887243536295 0.13529484027769545 1.0
0.5 15.0 14.0 2.281155640148863 1.893864400790271 1.0
0.5 15.0 15.0 -0.12823490819466077 1.9702653514809203 1.0
0.5 15.0 16.0 3.7183295352523107 -3.9592274691568043 1.0
0.5 15.0 17.0 -4.227150217755203 -4.601210855182686 1.0
0.5 15.0 18.0 2.826318637200309 -0.49247033007476215 1.0
0.5 15.0 19.0 2.8311284791320137 4.100465626888493 1.0
0.5 15.0 20.0 -4.307881644950601 -4.602905812938466 1.0
0.5 15.0 21.0 -3.919461807950947 -2.420461398798878 1.0
0.5 15.0 22.0 -3.939312480607773 -1.7669360026940817 1.0
0.5 15.0 23.0 -3.7735367492396787 4.883332953625896 1.0
0.5 15.0 24.0 -0.654768722913607 0.7390127448904114 1.0
0.5 15.0 25.0 0.9512686202868617 3.2252205023254703 1.0
0.5 15.0 26.0 -2.796291579796153 -0.39241217463874456 1.0
0.5 15.0 27.0 3.9389218412698135 -2.0239591395146697 1.0
0.5 15.0 28.0 -0.9497213256263493 2.8805288957231925 1.0
0.5 15.0 29.0 -3.0037949540243334 -4.932016267622924 1.0
0.5 15.0 30.0 2.7786042603656362 -3.077914111157829 1.0
0.5 15.0 31.0 -1.4125289647842587 -4.502480769646098 1.0
0.5 15.0 32.0 -0.5553751289358075 -4.607850854977686 1.0
0.5 15.0 33.0 1.6018559014932796 4.319036750870149 1.0
0.5 15.0 34.0 -4.310367651380286 -3.8882696128382865 1.0
0.5 15.0 35.0 4.236305628332385 3.2884336455408807 1.0
0.5 15.0 36.0 3.2801667964485333 4.262263966144102 1.0
0.5 15.0 37.0 0.5047358833526339 -2.8540256780133455 1.0
0.5 15.0 38.0 -2.7005357952033715 1.9715190830479905 1.0
0.5 15.0 39.0 1.0730891766073194 -1.5796873027101563 1.0
0.5 16.0 0.0 3.2458918566149677 -4.987248219604636 1.0
0.5 16.0 1.0 0.8720126704170506 4.590657711006134 1.0
0.5 16.0 2.0 -1.423001449518162 -2.9199555257801615 1.0
0.5 16.0 3.0 -2.7466687023029057 4.461632337447302 1.0
0.5 16.0 4.0 -3.916473416278431 0.9016159879614385 1.0
0.5 16.0 5.0 1.3334428172465245 -2.3145427045884635 1.0
0.5 16.0 6.0 4.88592172805369 3.314205751699742 1.0
0.5 16.0 7.0 -4.393784950278777 2.508671304895561 1.0
0.5 16.0 8.0 -0.18341278695574204 -1.6545265125307718 1.0
0.5 16.0 9.0 2.909919157923495 2.025672684986505 1.0
0.5 16.0 10.0 1.4843296971158733 -1.6623258964615029 1.0
0.5 16.0 11.0 -4.602812497310512 -1.511050240540559 1.0
0.5 16.0 12.0 -2.5868520054218367 -1.8052977186461172 1.0
0.5 16.0 13.0 -2.7160669805268425 -1.4440571997365281 1.0
0.5 16.0 14.0 -0.6942809109222017 1.945927175385461 1.0
0.5 16.0 15.0 1.8426256119891207 -0.2549383458783012 1.0
0.5 16.0 16.0 2.7026368247346735 3.9940641461010813 1.0
0.5 16.0 17.0 1.357270823511926 -0.17154413726263407 1.0
0.5 16.0 18.0 3.091665268702 -0.3493377218965925 1.0
0.5 16.0 19.0 -1.4281104593886083 -3.593282178865792 1.0
0.5 16.0 20.0 -3.1330290498266313 0.8616118271787343 1.0
0.5 16.0 21.0 -0.45874752694155063 3.49077569501201 1.0
0.5 16.0 22.0 -3.5535039990409203 3.3864024402282897 1.0
0.5 16.0 23.0 0.7320750180035285 -4.441192304843492 1.0
0.5 16.0 24.0 -3.6736520827533123 1.1186971102590721 1.0
0.5 16.0 25.0 -2.275172100608849 -2.738906237246611 1.0
0.5 16.0 26.0 0.8842747232015915 1.7221070561413097 1.0
0.5 16.0 27.0 -1.069218721931958 -1.2867061077060447 1.0
0.5 16.0 28.0 -4.659998982676377 -4.69611248508858 1.0
0.5 16.0 29.0 -4.634158673444966 2.1487204508904103 1.0
0.5 16.0 30.0 -1.5615923910671778 4.46059951412005 1.0
0.5 16.0 31.0 -3.287798678681998 -4.407245949827789 1.0
0.5 16.0 32.0 -0.8577674611748201 -0.29639121806954094 1.0
0.5 16.0 33.0 4.650777318721747 3.17762761364056 1.0
0.5 16.0 34.0 -0.0958174627767967 -0.9913730921026591 1.0
0.5 16.0 35.0 -3.238148583760634 -0.2666211419919229 1.0
0.5 16.0 36.0 -4.065960484838319 4.0323220180674095 1.0
0.5 16.0 37.0 -1.8316983302214371 -0.6291426935886149 1.0
0.5 16.0 38.0 3.284557506811577 -1.5996416700640568 1.0
0.5 16.0 39.0 3.5352497886185628 3.915241203354066 1.0
0.5 17.0 0.0 -1.4493586694030314 -4.604950087385928 1.0
0.5 17.0 1.0 -0.9580930464807267 -2.7463952096525137 1.0
0.5 17.0 2.0 -0.4904928695153199 3.3571421399599455 1.0
0.5 17.0 3.0 2.5058594022296585 -4.072350984738816 1.0
0.5 17.0 4.0 -0.8747759032529796 -2.83493501257348 1.0
0.5 17.0 5.0 -0.03302115144926088 4.6327927292307205 1.0
0.5 17.0 6.0 4.999241992057266 3.2663272913406534 1.0
0.5 17.0 7.0 -1.272395294866472 -2.3226073672820045 1.0
0.5 17.0 8.0 2.569212577348285 3.9095498989958184 1.0
0.5 17.0 9.0 0.09759223672423101 3.910945787090373 1.0
0.5 17.0 10.0 3.1416121092494294 3.4619667991978673 1.0
0.5 17.0 11.0 -0.09272357458053104 3.147700246685943 1.0
0.5 17.0 12.0 -2.8106166925953824 -4.003955085179083 1.0
0.5 17.0 13.0 1.228353412722674 -3.3078193164141254 1.0
0.5 17.0 14.0 -0.7459925778615961 -1.3097883634360228 1.0
0.5 17.0 15.0 1.6821370473565143 3.215715001303801 1.0
0.5 17.0 16.0 3.262131397981614 0.012493700278212394 1.0
0.5 17.0 17.0 -2.7834038629857174 3.938122033105884 1.0
0.5 17.0 18.0 -3.8999312888502233 -4.8577875280804435 1.0
0.5 17.0 19.0 -4.701962300976389 -2.163696348203288 1.0
0.5 17.0 20.0 2.8852028101120872 3.6337003775745416 1.0
0.5 17.0 21.0 3.090248391344323 -1.5684422419523747 1.0
0.5 17.0 22.0 -0.46848029640300304 -4.0626655202902064 1.0
0.5 17.0 23.0 0.3833622861355721 -1.3999888157733889 1.0
0.5 17.0 24.0 -3.0727959324591336 -3.9329897404231984 1.0
0.5 17.0 25.0 2.7866798786554634 -1.1943534371113271 1.0
0.5 17.0 26.0 -3.6745670468297087 -2.560493116018596 1.0
0.5 17.0 27.0 -1.9858930045692311 -2.8270253526192834 1.0
0.5 17.0 28.0 -2.6047953064545 -2.289973748470535 1.0
0.5 17.0 29.0 -3.032155183071535 -3.1035107521416903 1.0
0.5 17.0 30.0 -1.2127541606807188 -3.7104895449073894 1.0
0.5 17.0 31.0 1.765411970912937 -2.373394687977346 1.0
0.5 17.0 32.0 -3.959258713176974 -4.8468251119248595 1.0
0.5 17.0 33.0 4.857028653223377 2.6768770193729114 1.0
0.5 17.0 34.0 3.189832490902077 -0.46397694498612196 1.0
0.5 17.0 35.0 -3.055145596099833 3.1648550155061557 1.0
0.5 17.0 36.0 2.5245385961851987 0.15993198693268074 1.0
0.5 17.0 37.0 -3.4574845919186323 3.5290292465947175 1.0
0.5 17.0 38.0 1.6189501417135403 2.7482312940494147 1.0
0.5 17.0 39.0 0.7028170834586254 0.2568793087487231 1.0
0.5 18.0 0.0 -2.039742373360587 3.757523302258276 1.0
0.5 18.0 1.0 4.693486735258901 -2.885868041366677 1.0
0.5 18.0 2.0 -0.7046309249732925 3.492821614468758 1.0
0.5 18.0 3.0 -1.7847541049949922 -4.31709455954439 1.0
0.5 18.0 4.0 2.157585913080295 -0.9290888723804711 1.0
0.5 18.0 5.0 -2.866535435922942 -0.403507413512739 1.0
0.5 18.0 6.0 1.943999821882744 0.05816504786035814 1.0
0.5 18.0 7.0 2.6341047257198333 4.501124277596615 1.0
0.5 18.0 8.0 -4.615019484290139 -0.9671218662113574 1.0
0.5 18.0 9.0 4.216608781886741 3.480118891483773 1.0
0.5 18.0 10.0 0.28033027203626215 -2.19149439106478 1.0
0.5 18.0 11.0 -0.9991534455321887 -0.5565872185842835 1.0
0.5 18.0 12.0 -2.0276235852804056 -2.396975020779877 1.0
0.5 18.0 13.0 -2.547813780224941 1.815539297947657 1.0
0.5 18.0 14.0 1.1844849466810388 -1.949033203890079 1.0
0.5 18.0 15.0 4.818206428152553 4.747702785214807 1.0
0.5 18.0 16.0 3.5741740621020135 -4.37151201346984 1.0
0.5 18.0 17.0 -1.6774802086895289 -1.9653258635207758 1.0
0.5 18.0 18.0 -2.366782919793733 -3.2018122737810186 1.0
0.5 18.0 19.0 2.4756347296728434 -0.06519112282657424 1.0
0.5 18.0 20.0 4.412817203503149 4.979197371650789 1.0
0.5 18.0 21.0 -1.260269007286058 3.171571215776133 1.0
0.5 18.0 22.0 1.9601510500205386 3.3094019580756324 1.0
0.5 18.0 23.0 1.2236790471109336 1.5375237583709378 1.0
0.5 18.0 24.0 -0.6767263896035818 -2.9095205867504315 1.0
0.5 18.0 25.0 -2.913409499787666 4.726817688070746 1.0
0.5 18.0 26.0 -0.48541889217204215 0.7927703087134965 1.0
0.5 18.0 27.0 -1.10737015442955 3.289801255347909 1.0
0.5 18.0 28.0 -2.0812663647145877 4.545823272605302 1.0
0.5 18.0 29.0 -3.713213726834814 3.9334419986468117 1.0
0.5 18.0 30.0 2.2891437278761497 4.151782579673384 1.0
0.5 18.0 31.0 -3.9492601840837316 -2.21617008155076 1.0
0.5 18.0 32.0 -3.302166208707752 -3.1673797526269287 1.0
0.5 18.0 33.0 2.8499239732269332 0.6821172139548448 1.0
0.5 18.0 34.0 4.586675411519229 2.1585374855109922 1.0
0.5 18.0 35.0 -2.20266752563701 -4.897181795150324 1.0
0.5 18.0 36.0 -4.58627578235326 3.903688644342729 1.0
0.5 18.0 37.0 -1.6634293272423681 -2.136521300773847 1.0
0.5 18.0 38.0 -4.703434708505734 3.936715925407073 1.0
0.5 18.0 39.0 0.8861104087050329 -3.5627017246763804 1.0
0.5 19.0 0.0 4.525288201008479 3.6773980895943907 1.0
0.5 19.0 1.0 -2.811344901877697 -0.61463218736609 1.0
0.5 19.0 2.0 3.8509189201084713 2.1370596467707337 1.0
0.5 19.0 3.0 -3.6260238625682795 3.192763666712759 1.0
0.5 19.0 4.0 -2.949173122809947 2.1092040024634686 1.0
0.5 19.0 5.0 -2.629462160216427 -1.3771836994652356 1.0
0.5 19.0 6.0 -0.5691557016308204 -2.311834252148385 1.0
0.5 19.0 7.0 0.49067754214235393 4.59645226499603 1.0
0.5 19.0 8.0 0.644523467195369 -3.032592830694102 1.0
0.5 19.0 9.0 2.7660617200896827 -3.4414186527941593 1.0
0.5 19.0 10.0 -4.506828759658379 3.5054116759548464 1.0
0.5 19.0 11.0 -1.0754071488386163 -0.6889130648110395 1.0
0.5 19.0 12.0 -1.7840025845734986 -1.05405137806456 1.0
0.5 19.0 13.0 -1.223103727796829 1.37204499503515 1.0
0.5 19.0 14.0 4.187918780551067 -2.9591754789642133 1.0
0.5 19.0 15.0 2.219963334972567 -0.9366127553663048 1.0
0.5 19.0 16.0 -2.086737141521169 -3.752948149002723 1.0
0.5 19.0 17.0 -4.932510275178032 3.7342907943066983 1.0
0.5 19.0 18.0 -2.2631783557914753 4.056701587170421 1.0
0.5 19.0 19.0 2.4808907030289893 4.795163965354499 1.0
0.5 19.0 20.0 -4.210598282127921 1.2665294881897582 1.0
0.5 19.0 21.0 1.901938348318878 4.567169386881545 1.0
0.5 19.0 22.0 -3.6567704804989196 -1.4941985193977194 1.0
0.5 19.0 23.0 4.0774087781681505 -1.6551917725819107 1.0
0.5 19.0 24.0 -3.0267345273920023 0.5145598565817613 1.0
0.5 19.0 25.0 -0.9819106863339853 4.5241653613754576 1.0
0.5 19.0 26.0 4.703689630185439 -4.099086632586002 1.0
0.5 19.0 27.0 3.548943234439342 -4.833009042218672 1.0
0.5 19.0 28.0 3.664518959640347 1.4047519385478466 1.0
0.5 19.0 29.0 -1.515815240898235 -3.0491198611275294 1.0
0.5 19.0 30.0 1.6915279123476843 0.05661954170502881 1.0
0.5 19.0 31.0 -3.59952931179396 -3.901620366311752 1.0
0.5 19.0 32.0 0.7733354152705232 2.0443087054228393 1.0
0.5 19.0 33.0 -4.516635070459581 -1.4170613180791847 1.0
0.5 19.0 34.0 0.282738324992323 -4.413937987938299 1.0
0.5 19.0 35.0 0.9866918969060334 -1.32280896016304 1.0
0.5 19.0 36.0 2.525059160292548 2.658101025404502 1.0
0.5 19.0 37.0 3.4713389032458934 4.739139032681486 1.0
0.5 19.0 38.0 -2.705504476182173 1.035527278625672 1.0
0.5 19.0 39.0 2.1795293867565215 1.0243875799190718 1.0
0.5 20.0 0.0 -4.14985448557022 -0.22053410639795246 1.0
0.5 20.0 1.0 2.6525365239387426 -1.7323499857157176 1.0
0.5 20.0 2.0 -4.9933993486408355 0.03966023206432645 1.0
0.5 20.0 3.0 0.014261954106923547 3.7943326280025165 1.0
0.5 20.0 4.0 -1.1203085628393739 -3.159460810897625 1.0
0.5 20.0 5.0 3.220055640793319 4.003076026755831 1.0
0.5 20.0 6.0 -0.7638238565932092 0.3801217192782582 1.0
0.5 20.0 7.0 1.0096109065807966 -1.7972843258899305 1.0
0.5 20.0 8.0 -4.633128676646968 -2.7050602423101635 1.0
0.5 20.0 9.0 -2.695285972336624 2.9921968792776035 1.0
0.5 20.0 10.0 0.9359175912490425 3.330498695492592 1.0
0.5 20.0 11.0 2.357088328041229 0.6395611848425204 1.0
0.5 20.0 12.0 -1.6454145841652847 -1.0943880296466144 1.0
0.5 20.0 13.0 -3.9214783513851326 3.24619793935393 1.0
0.5 20.0 14.0 0.8862204222925509 -1.829715139671424 1.0
0.5 20.0 15.0 1.6749200728527383 -3.12486754506057 1.0
0.5 20.0 16.0 -1.0903598938036732 0.33064392874590975 1.0
0.5 20.0 17.0 0.9578840567145432 -3.7227987026371014 1.0
0.5 20.0 18.0 -0.4485112319446207 -0.7492619102010325 1.0
0.5 20.0 19.0 -2.4781428737647104 1.3665432530393486 1.0
0.5 20.0 20.0 -1.7562341276790505 3.6398697343283306 1.0
0.5 20.0 21.0 0.3518487933570347 1.1769112154133277 1.0
0.5 20.0 22.0 -3.3290569845111975 -4.504567512682156 1.0
0.5 20.0 23.0 -1.6338132304151944 -0.32710900377597874 1.0
0.5 20.0 24.0 4.04179070832682 -1.1049264860960903 1.0
0.5 20.0 25.0 -4.099290476113305 0.49518761371875897 1.0
0.5 20.0 26.0 -2.3457639816743905 4.71831397337159 1.0
0.5 20.0 27.0 0.20525696403831528 4.486721946928473 1.0
0.5 20.0 28.0 4.317278595212791 -0.5733997344859434 1.0
0.5 20.0 29.0 4.650278808221444 4.676356020534287 1.0
0.5 20.0 30.0 -3.647807845269102 -2.357925519773154 1.0
0.5 20.0 31.0 -4.469175130382502 -1.7103579077043252 1.0
0.5 20.0 32.0 4.6159460250160205 -1.0608049828027921 1.0
0.5 20.0 33.0 -3.892858663491563 4.311073177790995 1.0
0.5 20.0 34.0 -3.7270204195177428 -1.0003456581255632 1.0
0.5 20.0 35.0 -1.1644555221493 -1.8601133417506777 1.0
0.5 20.0 36.0 -3.1128300734324963 4.079874095983353 1.0
0.5 20.0 37.0 -4.379797522673472 1.961553077689313 1.0
0.5 20.0 38.0 4.814031726600454 -4.3983113838626835 1.0
0.5 20.0 39.0 -3.644096842379929 0.5996591616485647 1.0
0.5 21.0 0.0 0.8438982920214233 -1.399352310054197 1.0
0.5 21.0 1.0 -1.9661574471449752 -2.182027601131323 1.0
0.5 21.0 2.0 -2.41997391902246 3.7527081957402455 1.0
0.5 21.0 3.0 0.24692171960488896 -2.6899459296146766 1.0
0.5 21.0 4.0 1.131277671807771 -2.2510976564398466 1.0
0.5 21.0 5.0 -1.9420103231330463 -4.056136380812346 1.0
0.5 21.0 6.0 2.3572362284176833 0.8989067514034632 1.0
0.5 21.0 7.0 -0.11607108334521321 4.221375390398357 1.0
0.5 21.0 8.0 -3.875692727437696 4.018257428291431 1.0
0.5 21.0 9.0 -3.699574630237561 0.36831112294744006 1.0
0.5 21.0 10.0 4.814569137445368 -1.109710197318078 1.0
0.5 21.0 11.0 -4.513274492995379 -0.013337954284954101 1.0
0.5 21.0 12.0 -3.3251643116715544 -2.107292418579333 1.0
0.5 21.0 13.0 2.4066324337391354 2.7827607402612564 1.0
0.5 21.0 14.0 0.5015976333259697 -1.2599863931489552 1.0
0.5 21.0 15.0 1.7614448488569456 1.5262348291866443 1.0
0.5 21.0 16.0 -4.371789925909021 -0.2831362605784804 1.0
0.5 21.0 17.0 -0.7474997291091965 -3.8997439752541965 1.0
0.5 21.0 18.0 0.21390369643784624 -0.7362681248058669 1.0
0.5 21.0 19.0 1.7554308901909152 -2.728924135466192 1.0
0.5 21.0 20.0 1.4298902901632848 1.3251057274737157 1.0
0.5 21.0 21.0 4.635200033057394 0.6349146129637298 1.0
0.5 21.0 22.0 -1.7039554629022815 4.481757038416919 1.0
0.5 21.0 23.0 3.6204368715390913 1.0928539417577916 1.0
0.5 21.0 24.0 1.642343861458242 -1.4375414901167174 1.0
0.5 21.0 25.0 -0.5924615467757697 2.1594549170552 1.0
0.5 21.0 26.0 -4.047548799980189 -2.8331464509962814 1.0
0.5 21.0 27.0 -4.520534617926472 2.428407337086403 1.0
0.5 21.0 28.0 4.692528841240705 -1.6699967996488296 1.0
0.5 21.0 29.0 3.5011083352291017 3.5985888036675533 1.0
0.5 21.0 30.0 4.136575747329841 -1.5795275990677138 1.0
0.5 21.0 31.0 -3.9074444545657627 0.6064972559926947 1.0
0.5 21.0 32.0 0.6702816899903894 -3.7123614123552615 1.0
0.5 21.0 33.0 3.783544626080655 4.616089691057235 1.0
0.5 21.0 34.0 3.0885977418898136 -4.339759743257483 1.0
0.5 21.0 35.0 1.5168362620078701 3.8846456711238293 1.0
0.5 21.0 36.0 4.4979212077807915 3.847002710991795 1.0
0.5 21.0 37.0 0.19519920476951302 -4.146649847148925 1.0
0.5 21.0 38.0 -1.9079971238949422 3.9015176522883106 1.0
0.5 21.0 39.0 0.45615061353744224 -3.7961347452457117 1.0
0.5 22.0 0.0 -2.70862040416732 -4.41263132387027 1.0
0.5 22.0 1.0 -0.88945378239805 -2.922757739862786 1.0
0.5 22.0 2.0 3.5193457345681587 -2.284164875686444 1.0
0.5 22.0 3.0 3.495571176334817 -2.830898191382424 1.0
0.5 22.0 4.0 4.233175038409067 0.7273255129281067 1.0
0.5 22.0 5.0 -4.630366298359251 0.9950903545301815 1.0
0.5 22.0 6.0 -0.2624903897829798 3.7490231467919024 1.0
0.5 22.0 7.0 3.9161154467961037 3.2631933889577187 1.0
0.5 22.0 8.0 -0.22246274676077604 4.785058936069547 1.0
0.5 22.0 9.0 -3.0751100264782005 -3.005427163358304 1.0
0.5 22.0 10.0 -0.057223222027962706 -3.818154608276493 1.0
0.5 22.0 11.0 0.284970322149829 0.8021648160211576 1.0
0.5 22.0 12.0 3.508000178121222 0.06004288421306381 1.0
0.5 22.0 13.0 -1.4514014864256843 1.5663607999565565 1.0
0.5 22.0 14.0 -3.503980462173594 0.01595142384583781 1.0
0.5 22.0 15.0 3.516547431619225 3.639665863649684 1.0
0.5 22.0 16.0 2.467770485175759 -3.9310462066017706 1.0
0.5 22.0 17.0 3.5463560064951203 4.667310765097449 1.0
0.5 22.0 18.0 -1.1716727060003262 -0.43204232560050926 1.0
0.5 22.0 19.0 3.599670884853701 1.1283699555498492 1.0
0.5 22.0 20.0 -1.7168105568380012 3.5686224289220654 1.0
0.5 22.0 21.0 4.9218228726623146 3.7820195679954303 1.0
0.5 22.0 22.0 -2.51262053941205 2.0544715368073803 1.0
0.5 22.0 23.0 3.686218562258629 4.346140248289203 1.0
0.5 22.0 24.0 -0.09940340418921068 -1.7011664821864958 1.0
0.5 22.0 25.0 -0.061918974155404705 -0.059442460637157524 1.0
0.5 22.0 26.0 1.3948777466873308 -1.349130260911747 1.0
0.5 22.0 27.0 1.7365251450951904 1.0947811941934642 1.0
0.5 22.0 28.0 -4.743090278152069 3.0777859944805517 1.0
0.5 22.0 29.0 4.5209099050250785 2.4501904876770286 1.0
0.5 22.0 30.0 -2.1146470986638355 -2.093355132712602 1.0
0.5 22.0 31.0 2.4168589947769163 2.679184922886604 1.0
0.5 22.0 32.0 -2.2957675496107166 -0.6169713534908556 1.0
0.5 22.0 33.0 -3.550705005444761 1.5989026742638632 1.0
0.5 22.0 34.0 -2.4033473087756096 -1.0998687307486765 1.0
0.5 22.0 35.0 4.444289796413974 -2.025315649333953 1.0
0.5 22.0 36.0 -4.491195183055728 2.050679726357906 1.0
0.5 22.0 37.0 -1.2215204921712033 1.0885355395204153 1.0
0.5 22.0 38.0 -1.2175709027579984 4.0154232444537925 1.0
0.5 22.0 39.0 1.0742530410615299 2.7904291364832856 1.0
0.5 23.0 0.0 -4.75539596410977 3.225746582526508 1.0
0.5 23.0 1.0 -2.5591284139539705 4.4553517611625555 1.0
0.5 23.0 2.0 -1.883065442447088 3.724299207891576 1.0
0.5 23.0 3.0 3.9261293793103444 -4.963407257062345 1.0
0.5 23.0 4.0 2.4019138293922007 4.196356632656634 1.0
0.5 23.0 5.0 -0.5298765757946287 2.2358391800194086 1.0
0.5 23.0 6.0 -2.4375597486227374 -1.7440390660387872 1.0
0.5 23.0 7.0 2.842148273437191 -1.296773949498704 1.0
0.5 23.0 8.0 -4.968830187851962 -3.755289557768945 1.0
0.5 23.0 9.0 0.793688342899288 -0.8644329200131207 1.0
0.5 23.0 10.0 -0.6304108431050848 3.5374052191196306 1.0
0.5 23.0 11.0 -3.025069968054459 2.1585677950398052 1.0
0.5 23.0 12.0 -1.2576013986188093 4.147572925195568 1.0
0.5 23.0 13.0 -4.960825621280334 2.9589049618196164 1.0
0.5 23.0 14.0 3.7809956108544327 1.2872368457225116 1.0
0.5 23.0 15.0 4.798977069324428 -1.225372499635966 1.0
0.5 23.0 16.0 3.880555990792626 -1.5408887304990557 1.0
0.5 23.0 17.0 -2.700197427481932 -0.44257885974896904 1.0
0.5 23.0 18.0 -3.4915950771358375 -4.354264359010926 1.0
0.5 23.0 19.0 3.241427953315272 0.3878491642207642 1.0
0.5 23.0 20.0 -1.8029140442863936 -4.791104768639379 1.0
0.5 23.0 21.0 -0.6957143774003436 0.5547660142084974 1.0
0.5 23.0 22.0 -4.4462747065096035 1.2239923994458293 1.0
0.5 23.0 23.0 -1.372611266700913 -3.3973279599900232 1.0
0.5 23.0 24.0 0.8380036675024058 4.147871306947696 1.0
0.5 23.0 25.0 4.936436795729689 3.1058623315023652 1.0
0.5 23.0 26.0 -0.5557570185640195 -0.04507688996328785 1.0
0.5 23.0 27.0 4.635148481077113 -4.554201364718393 1.0
0.5 23.0 28.0 -4.031178174264918 -0.8248785665620417 1.0
0.5 23.0 29.0 -2.450175758509261 3.4482057331339764 1.0
0.5 23.0 30.0 1.4523367687204551 -3.37102232813752 1.0
0.5 23.0 31.0 4.9565977844882365 3.3789838106078633 1.0
0.5 23.0 32.0 -3.1433703297847106 -2.921778025046536 1.0
0.5 23.0 33.0 3.022779485282447 -1.496906646252838 1.0
0.5 23.0 34.0 -3.129999491533253 -4.502648428838708 1.0
0.5 23.0 35.0 0.8581588387697892 -4.821843484505632 1.0
0.5 23.0 36.0 3.729637201324893 3.2200131237727696 1.0
0.5 23.0 37.0 4.999077257158731 2.2845929275825334 1.0
0.5 23.0 38.0 2.9084863024426095 2.8255149898597898 1.0
0.5 23.0 39.0 -3.6624588177607045 -3.313313221672529 1.0
0.5 24.0 0.0 1.2344989626293774 -4.695408135340924 1.0
0.5 24.0 1.0 1.2595955063000632 -3.6259388387434632 1.0
0.5 24.0 2.0 3.2933867042107714 2.7798738532769276 1.0
0.5 24.0 3.0 -3.9283662671394737 -4.049388799345489 1.0
0.5 24.0 4.0 3.811727455568228 -1.1446587596243707 1.0
0.5 24.0 5.0 2.670269256542854 -3.7819711853864293 1.0
0.5 24.0 6.0 2.125459032798661 -3.4696294927184868 1.0
0.5 24.0 7.0 3.850849928986248 0.7436286042189479 1.0
0.5 24.0 8.0 -0.19048953436155713 0.5378086937106188 1.0
0.5 24.0 9.0 -1.3483486004055036 -2.492738972544281 1.0
0.5 24.0 10.0 4.07751235341005 -3.0481587107994934 1.0
0.5 24.0 11.0 1.6952320859868841 2.9896794535761284 1.0
0.5 24.0 12.0 -2.3437560654767067 -2.0397557875758707 1.0
0.5 24.0 13.0 -4.384607483265812 -0.6051931683744645 1.0
0.5 24.0 14.0 0.49766520197844955 3.806940992459042 1.0
0.5 24.0 15.0 2.347633187667748 3.090919138089692 1.0
0.5 24.0 16.0 -0.08790616198935819 -2.9153861908457843 1.0
0.5 24.0 17.0 -2.6870482919590097 3.810851825170241 1.0
0.5 24.0 18.0 3.4892884261027337 -3.2065539496746123 1.0
0.5 24.0 19.0 0.3392864710150363 -0.3310988051740047 1.0
0.5 24.0 20.0 3.5198978845890316 0.8808979451075816 1.0
0.5 24.0 21.0 -1.4581486604868865 2.632183552220246 1.0
0.5 24.0 22.0 2.5379459130305797 -3.661247526287913 1.0
0.5 24.0 23.0 -0.6769265019131607 2.726779587571057 1.0
0.5 24.0 24.0 -2.924279132905072 -4.642511284061628 1.0
0.5 24.0 25.0 -3.8452114933162553 -3.0359157641374077 1.0
0.5 24.0 26.0 0.7556416912715482 4.524375674540712 1.0
0.5 24.0 27.0 -4.130193040451994 0.7403450059003376 1.0
0.5 24.0 28.0 -1.5606233570323336 1.6004989104134628 1.0
0.5 24.0 29.0 3.8169159015799927 -4.707536239596505 1.0
0.5 24.0 30.0 0.31269399961501687 1.023270817324688 1.0
0.5 24.0 31.0 2.422836444973546 4.685705864147767 1.0
0.5 24.0 32.0 -1.4947727772757649 4.954794003552914 1.0
0.5 24.0 33.0 -0.5433968320032632 -0.23595788862323808 1.0
0.5 24.0 34.0 -0.8724609268122974 1.4327807559718249 1.0
0.5 24.0 35.0 4.606294989041324 4.511427697605619 1.0
0.5 24.0 36.0 -0.5464267911908447 4.979559822314966 1.0
0.5 24.0 37.0 -3.145007748504197 2.35239811849997 1.0
0.5 24.0 38.0 3.3847854638434445 -2.1139736013351107 1.0
0.5 24.0 39.0 0.5822917230122862 -3.9370567995763874 1.0
0.5 25.0 0.0 -1.6970519239116877 2.311221043333549 1.0
0.5 25.0 1.0 -4.680339414182907 -4.832305321489341 1.0
0.5 25.0 2.0 2.9518264873973434 4.324554082908266 1.0
0.5 25.0 3.0 2.6523711973338138 -1.0329549620831213 1.0
0.5 25.0 4.0 -0.9163726676075976 1.066517225807412 1.0
0.5 25.0 5.0 3.8877010772579226 1.6678915661373663 1.0
0.5 25.0 6.0 -0.7356756120662382 1.3150483215939346 1.0
0.5 25.0 7.0 3.7985456733399108 -1.5157258007081942 1.0
0.5 25.0 8.0 -0.5473335340108942 -2.0814437670853723 1.0
0.5 25.0 9.0 -0.9964639185315569 -1.9707373588455157 1.0
0.5 25.0 10.0 -2.2491198553062097 -2.207075721342634 1.0
0.5 25.0 11.0 4.359215212936753 -3.162983752983133 1.0
0.5 25.0 12.0 0.07077968696515846 1.4786515213341458 1.0
0.5 25.0 13.0 -2.883227826448942 -3.5659746439738815 1.0
0.5 25.0 14.0 -0.6328002449431551 -0.384385480841515 1.0
0.5 25.0 15.0 -3.464710759677889 2.02111845236482 1.0
0.5 25.0 16.0 -2.438627599178045 -1.8832416906292346 1.0
0.5 25.0 17.0 -3.8545853804547727 4.532897211419554 1.0
0.5 25.0 18.0 -1.689930198465067 -2.6916413445887644 1.0
0.5 25.0 19.0 -3.0781814813315087 4.6088398008243505 1.0
0.5 25.0 20.0 4.372038452690356 2.8533209892238744 1.0
0.5 25.0 21.0 2.2497487227146076 -2.1596074969826695 1.0
0.5 25.0 22.0 -4.518544554025764 -2.1146881503928086 1.0
0.5 25.0 23.0 -0.23954468636214177 -4.449054260679494 1.0
0.5 25.0 24.0 1.3588366450902898 -3.5446541746791373 1.0
0.5 25.0 25.0 0.8622030039102002 4.320669611065997 1.0
0.5 25.0 26.0 -0.22696641562327713 -1.8712179388445147 1.0
0.5 25.0 27.0 -3.891951474010628 0.48576240565674667 1.0
0.5 25.0 28.0 1.4136577911582204 2.369506461378138 1.0
0.5 25.0 29.0 3.4185068283503064 2.9217435917008565 1.0
0.5 25.0 30.0 1.7414719958564726 -0.7905897144490659 1.0
0.5 25.0 31.0 -3.3833094034274467 -1.43699965052713 1.0
0.5 25.0 32.0 4.9549950926345225 -0.37489917703516173 1.0
0.5 25.0 33.0 3.7354536382948265 0.31587499203701963 1.0
0.5 25.0 34.0 -3.255231961292715 -4.969893868315768 1.0
0.5 25.0 35.0 -1.8794732342365874 -3.7098392285019366 1.0
0.5 25.0 36.0 0.6024302221209545 0.3396688008773179 1.0
0.5 25.0 37.0 0.4805845646231086 2.6039473383860967 1.0
0.5 25.0 38.0 -2.8900387711308717 -0.8234512624248378 1.0
0.5 25.0 39.0 -3.2753610542182154 -0.5906608667292694 1.0
0.5 26.0 0.0 -3.1448526226403892 2.960081628001479 1.0
0.5 26.0 1.0 4.679101565136104 1.2416480193849457 1.0
0.5 26.0 2.0 -4.597472036142204 -2.1429288916102474 1.0
0.5 26.0 3.0 2.5913185877435083 -1.6877652317381742 1.0
0.5 26.0 4.0 3.094789698700298 4.8719203070922585 1.0
0.5 26.0 5.0 3.703326576225569 4.94526136261133 1.0
0.5 26.0 6.0 3.3677744410788364 -1.2852668171434511 1.0
0.5 26.0 7.0 4.119038045170878 -4.998817982874456 1.0
0.5 26.0 8.0 0.7329666667232546 0.5099499043280407 1.0
0.5 26.0 9.0 -4.309985738890834 1.8348909361528642 1.0
0.5 26.0 10.0 3.6145396843746322 -2.1055982135512696 1.0
0.5 26.0 11.0 1.7094357843904842 2.1040144237405833 1.0
0.5 26.0 12.0 -2.1762706701242895 3.6025068425518487 1.0
0.5 26.0 13.0 0.8308378960122242 -1.4270819889410227 1.0
0.5 26.0 14.0 3.611519884848329 0.24764806735948053 1.0
0.5 26.0 15.0 3.8176272532218487 -3.0494262850303033 1.0
0.5 26.0 16.0 2.9613223516182767 4.68260965984161 1.0
0.5 26.0 17.0 -1.5186475242778585 -4.244485219235827 1.0
0.5 26.0 18.0 4.066527534435355 0.058273644597365504 1.0
0.5 26.0 19.0 0.481151468473751 -3.781321993472818 1.0
0.5 26.0 20.0 -3.2164713906474516 -2.50139581666056 1.0
0.5 26.0 21.0 1.5337539093439387 1.3150197949529705 1.0
0.5 26.0 22.0 -3.741002771181453 2.171280013036866 1.0
0.5 26.0 23.0 2.0228696785058133 -0.8426407557515017 1.0
0.5 26.0 24.0 1.9009151111085103 0.45715946994091095 1.0
0.5 26.0 25.0 1.9987451677112942 -3.809008403748387 1.0
0.5 26.0 26.0 -4.603947860301762 -4.091907043708552 1.0
0.5 26.0 27.0 3.123126682912897 -0.10481575135415078 1.0
0.5 26.0 28.0 4.572296483803747 1.7314241971755537 1.0
0.5 26.0 29.0 4.241819387090635 -0.9722495240915165 1.0
0.5 26.0 30.0 -0.43755942567829287 -3.3491466915053514 1.0
0.5 26.0 31.0 4.95648557765441 1.8414716817239087 1.0
0.5 26.0 32.0 3.946725618616936 -0.8328437949049485 1.0
0.5 26.0 33.0 4.819276527579705 -0.8437782708548527 1.0
0.5 26.0 34.0 -3.6653395779204914 2.4785894666410933 1.0
0.5 26.0 35.0 0.5883517975983024 -0.3117841978333571 1.0
0.5 26.0 36.0 -2.807674731403983 -1.3803623707847779 1.0
0.5 26.0 37.0 0.35928247325107776 -0.3821043837478397 1.0
0.5 26.0 38.0 1.6295765102304607 -4.261920507200006 1.0
0.5 26.0 39.0 1.3267978953541189 -2.979467915415773 1.0
0.5 27.0 0.0 1.3322736858163875 -3.145808917956958 1.0
0.5 27.0 1.0 -2.566715137237945 4.48871033206 1.0
0.5 27.0 2.0 -2.142149468792005 1.932220815556276 1.0
0.5 27.0 3.0 4.224898297348162 0.043435196401987675 1.0
0.5 27.0 4.0 -4.891744365482047 -2.356895370630955 1.0
0.5 27.0 5.0 0.863099529370408 -2.739321967263344 1.0
0.5 27.0 6.0 0.9524926613889892 0.808716487578991 1.0
0.5 27.0 7.0 3.4288922560434365 0.43276209840036994 1.0
0.5 27.0 8.0 -3.3083083559810755 2.1917804973157073 1.0
0.5 27.0 9.0 -0.591025238974149 -0.46094074603325286 1.0
0.5 27.0 10.0 -1.6571534383434838 -2.968109877286549 1.0
0.5 27.0 11.0 0.567482972658758 2.818054264260759 1.0
0.5 27.0 12.0 -4.436942193589307 -2.4730782616727334 1.0
0.5 27.0 13.0 0.28395374148182295 1.8129045028650062 1.0
0.5 27.0 14.0 2.444321573503415 0.32044450446705586 1.0
0.5 27.0 15.0 1.8775868624587684 4.905209177422931 1.0
0.5 27.0 16.0 -0.6203904956276931 -1.0204342428786903 1.0
0.5 27.0 17.0 -3.5601594795477034 0.5567700713125356 1.0
0.5 27.0 18.0 -3.2658131442538254 -2.566024830278628 1.0
0.5 27.0 19.0 2.2618463758930494 0.7467154731379999 1.0
0.5 27.0 20.0 -0.8481791474317486 -4.604220404660184 1.0
0.5 27.0 21.0 3.070085775938894 -1.578575009576475 1.0
0.5 27.0 22.0 3.983733452486401 0.8910501597443323 1.0
0.5 27.0 23.0 -1.026782856093582 0.16728374666778212 1.0
0.5 27.0 24.0 -1.4511477306074383 -1.7921713673651651 1.0
0.5 27.0 25.0 2.2749044967813408 -3.228640920442726 1.0
0.5 27.0 26.0 -1.2828746296171367 1.8016711911428338 1.0
0.5 27.0 27.0 0.12194278619282173 -0.14731491416553855 1.0
0.5 27.0 28.0 -4.346641366924768 -2.001367514660617 1.0
0.5 27.0 29.0 -2.666063590367287 2.3269049117638696 1.0
0.5 27.0 30.0 -1.5327556107273121 -3.303074125792328 1.0
0.5 27.0 31.0 -4.299768794547064 4.109610019423732 1.0
0.5 27.0 32.0 -2.0140488905337914 4.692317450778736 1.0
0.5 27.0 33.0 0.5317647801854166 2.168786554804802 1.0
0.5 27.0 34.0 0.8988457353969892 0.7386457097504469 1.0
0.5 27.0 35.0 1.319941906631775 -4.195639389802447 1.0
0.5 27.0 36.0 4.119625031007118 0.003682482122385977 1.0
0.5 27.0 37.0 0.98160225218093 3.8629091762355774 1.0
0.5 27.0 38.0 -3.6306641767253867 2.191881056506313 1.0
0.5 27.0 39.0 -2.6414005692048614 0.4881880114906618 1.0
0.5 28.0 0.0 -2.295534799427524 3.2793861791866945 1.0
0.5 28.0 1.0 1.392458832488641 -0.03680291822063353 1.0
0.5 28.0 2.0 -2.002514753328426 -4.45699436046617 1.0
0.5 28.0 3.0 -1.2909556947336656 -0.7829115603356005 1.0
0.5 28.0 4.0 2.22294316035892 4.363673493722008 1.0
0.5 28.0 5.0 -4.774895812440306 -1.3497002855973927 1.0
0.5 28.0 6.0 3.810386511076322 3.1462649954354376 1.0
0.5 28.0 7.0 2.828034290002039 -1.926131236195098 1.0
0.5 28.0 8.0 -2.7038827220364503 -0.37855342014374216 1.0
0.5 28.0 9.0 -1.8178642912433474 4.763971916722884 1.0
0.5 28.0 10.0 -1.9610251709709714 -2.2184228220011146 1.0
0.5 28.0 11.0 -3.720891709595815 4.9002962295611425 1.0
0.5 28.0 12.0 -0.13895226886167755 -0.2484993511028204 1.0
0.5 28.0 13.0 0.47746682154492426 -2.013055368601263 1.0
0.5 28.0 14.0 1.132417372895702 1.0064034728443874 1.0
0.5 28.0 15.0 2.4650253440177217 -3.752857599077206 1.0
0.5 28.0 16.0 -3.9602583607958373 0.5227314198335362 1.0
0.5 28.0 17.0 -1.1694554626448852 -2.5619035600489526 1.0
0.5 28.0 18.0 0.5616896789643597 4.684497519183667 1.0
0.5 28.0 19.0 -4.254908725171425 0.049936209362399175 1.0
0.5 28.0 20.0 2.019937665896877 0.0661294368020382 1.0
0.5 28.0 21.0 -0.3693868182061246 4.432740401032129 1.0
0.5 28.0 22.0 -3.0173520497846775 -4.425653063508853 1.0
0.5 28.0 23.0 -0.36731480090580604 2.038237162717329 1.0
0.5 28.0 24.0 4.768044373053092 -1.1446276102855002 1.0
0.5 28.0 25.0 -2.783666776493392 -2.3321630388788073 1.0
0.5 28.0 26.0 2.8289118538235334 -4.639879451940773 1.0
0.5 28.0 27.0 -0.7316996609338142 -3.6137584084207597 1.0
0.5 28.0 28.0 -4.105455891400127 1.0088295917248633 1.0
0.5 28.0 29.0 3.716069231643143 -2.410053867936406 1.0
0.5 28.0 30.0 2.9048675293204536 1.007931946476651 1.0
0.5 28.0 31.0 0.8634075287413268 3.612533358095538 1.0
0.5 28.0 32.0 4.4921755906691665 -1.954211665879717 1.0
0.5 28.0 33.0 -0.60584016496251 -0.7962681308990494 1.0
0.5 28.0 34.0 -0.9508927338814264 2.830233759600599 1.0
0.5 28.0 35.0 3.310458624715258 1.2367951087002185 1.0
0.5 28.0 36.0 -2.7327922091354004 -1.270280672946046 1.0
0.5 28.0 37.0 4.94848155038439 -4.921169720812432 1.0
0.5 28.0 38.0 3.438615193797075 0.1411541816253603 1.0
0.5 28.0 39.0 -0.34566142119581666 -4.798712602140727 1.0
0.5 29.0 0.0 -3.215884776236302 1.1313869978961844 1.0
0.5 29.0 1.0 -0.2953820630865511 2.8128949657693028 1.0
0.5 29.0 2.0 -2.3959871638515384 -3.114412181861744 1.0
0.5 29.0 3.0 -1.3794181791130367 2.564911540830596 1.0
0.5 29.0 4.0 1.1439719395488837 -4.455375387663807 1.0
0.5 29.0 5.0 2.1519492976048813 3.7086310653145205 1.0
0.5 29.0 6.0 -3.2738236689237032 2.124854719445648 1.0
0.5 29.0 7.0 -1.1043385148845064 -1.5223304425061315 1.0
0.5 29.0 8.0 0.9168706760657823 -0.6124202335062936 1.0
0.5 29.0 9.0 1.7669726708140683 1.9226312072674396 1.0
0.5 29.0 10.0 1.2845386458032273 2.76173898050744 1.0
0.5 29.0 11.0 1.3546688415793087 2.9433299871988137 1.0
0.5 29.0 12.0 1.6486855847892983 -2.277751349449052 1.0
0.5 29.0 13.0 3.5691659167386653 -4.156173035629708 1.0
0.5 29.0 14.0 0.6273886639852275 -1.6122810808822385 1.0
0.5 29.0 15.0 -3.0683086079335076 -4.621885051655978 1.0
0.5 29.0 16.0 2.762486700629541 -4.4748924621095165 1.0
0.5 29.0 17.0 -0.6452902595852024 -4.0406353708179585 1.0
0.5 29.0 18.0 -4.465519749326159 0.6352038614547393 1.0
0.5 29.0 19.0 0.3282037882571647 -2.5267788285575343 1.0
0.5 29.0 20.0 -3.825079676772903 0.34165535539538183 1.0
0.5 29.0 21.0 2.053375569717387 -4.034277316463805 1.0
0.5 29.0 22.0 -0.6577376478415342 1.9175866409106215 1.0
0.5 29.0 23.0 2.254784873869032 -2.6310149105262868 1.0
0.5 29.0 24.0 0.4478687695819712 -3.542319368225467 1.0
0.5 29.0 25.0 2.153898419963399 -3.6171204267519688 1.0
0.5 29.0 26.0 -0.2979547517127612 0.9399270628425391 1.0
0.5 29.0 27.0 -4.59852864169322 0.6485065769240652 1.0
0.5 29.0 28.0 -1.204300730176855 4.220064220877976 1.0
0.5 29.0 29.0 -2.356859199052127 2.4293456530408877 1.0
0.5 29.0 30.0 -4.458588146369796 4.863076707753928 1.0
0.5 29.0 31.0 1.8320614978405736 -3.8414568650518177 1.0
0.5 29.0 32.0 1.7684179246546483 0.6399301282896266 1.0
0.5 29.0 33.0 1.4043649353664014 0.4158732039140727 1.0
0.5 29.0 34.0 -3.7008088032599638 0.5040602510410395 1.0
0.5 29.0 35.0 1.9976832406731955 -2.834511705510432 1.0
0.5 29.0 36.0 -2.06896172723231 -0.08904155413457371 1.0
0.5 29.0 37.0 2.5199231442500114 -0.5843455608856809 1.0
0.5 29.0 38.0 3.004300813205683 -0.5444777437957189 1.0
0.5 29.0 39.0 -1.9350641839214777 0.8542422349973471 1.0
0.5 30.0 0.0 -1.640521475890393 4.975671455905644 1.0
0.5 30.0 1.0 0.4236792725235752 -2.5311780775260084 1.0
0.5 30.0 2.0 3.268776895387708 4.507055141199444 1.0
0.5 30.0 3.0 -3.2460805525117387 1.6777947235702335 1.0
0.5 30.0 4.0 3.2733002110488023 3.772505643030632 1.0
0.5 30.0 5.0 3.3484758531910703 4.079062581876649 1.0
0.5 30.0 6.0 4.765299009036493 -2.74878041549146 1.0
0.5 30.0 7.0 -0.6185343285174136 -3.43467542763097 1.0
0.5 30.0 8.0 1.6255986625419707 -3.703517759929331 1.0
0.5 30.0 9.0 -4.986044810606952 3.2601592200725555 1.0
0.5 30.0 10.0 4.259525611978908 -0.7429317722720628 1.0
0.5 30.0 11.0 -0.6951199631649017 2.4966354956110957 1.0
0.5 30.0 12.0 -3.02963859389597 1.106290163626329 1.0
0.5 30.0 13.0 -3.9999492335268005 3.8902713761569903 1.0
0.5 30.0 14.0 1.7675518789403588 1.6939890821540935 1.0
0.5 30.0 15.0 -0.5384902599264061 -0.5492651263318526 1.0
0.5 30.0 16.0 -4.572397108969693 2.4105906128487096 1.0
0.5 30.0 17.0 -1.2485388778929627 -3.3682333167808842 1.0
0.5 30.0 18.0 1.9088006287639718 0.7886770374730272 1.0
0.5 30.0 19.0 -4.800550314659395 4.2363718038079465 1.0
0.5 30.0 20.0 4.066590967119133 1.3663591987527184 1.0
0.5 30.0 21.0 -2.3415850874684008 -0.8255820717644742 1.0
0.5 30.0 22.0 -2.975337299028753 -1.0019512375533135 1.0
0.5 30.0 23.0 0.09469855643969094 3.212345191932153 1.0
0.5 30.0 24.0 0.5274773121405119 -2.277923259742095 1.0
0.5 30.0 25.0 -1.8409548111121166 4.059776587187217 1.0
0.5 30.0 26.0 -0.8668056258237256 4.280911705382378 1.0
0.5 30.0 27.0 4.950076228183098 4.405395657147714 1.0
0.5 30.0 28.0 -2.7983581966248217 0.4385801984275055 1.0
0.5 30.0 29.0 1.3086812491858515 -4.155465758321998 1.0
0.5 30.0 30.0 0.29018794978039697 2.3512007706448523 1.0
0.5 30.0 31.0 2.671218798792526 2.0334919290182496 1.0
0.5 30.0 32.0 -4.208932428676139 -1.5796120601618044 1.0
0.5 30.0 33.0 2.761371833072782 -3.139311762031478 1.0
0.5 30.0 34.0 3.4269280853484503 -0.7044044603343949 1.0
0.5 30.0 35.0 4.214959217707362 -1.0576742671497663 1.0
0.5 30.0 36.0 0.5670548682659415 4.99031117308027 1.0
0.5 30.0 37.0 -2.3910471322077798 3.330319194907812 1.0
0.5 30.0 38.0 -1.7650569279465076 4.438328706982546 1.0
0.5 30.0 39.0 3.3054091199998616 4.9628271094591145 1.0
0.5 31.0 0.0 1.148589074156984 2.240164035687223 1.0
0.5 31.0 1.0 -4.9770289261773195 -3.907203650852468 1.0
0.5 31.0 2.0 -0.8319331556591916 -4.163999388578668 1.0
0.5 31.0 3.0 0.11305349253612107 1.6975126001482623 1.0
0.5 31.0 4.0 -1.8793249296363221 3.890384250000203 1.0
0.5 31.0 5.0 -0.8552226908643874 2.7022228889749744 1.0
0.5 31.0 6.0 -4.867876625110288 3.2852100114109355 1.0
0.5 31.0 7.0 -3.4078306127602165 -3.256520341043797 1.0
0.5 31.0 8.0 -2.687050943105284 -2.208622206158152 1.0
0.5 31.0 9.0 -4.830899709990456 0.15293093215645737 1.0
0.5 31.0 10.0 2.932544102123301 -3.7741845369959517 1.0
0.5 31.0 11.0 -1.328116489653024 2.859857860259866 1.0
0.5 31.0 12.0 1.0588816082480834 1.6994004730804324 1.0
0.5 31.0 13.0 2.066415088880537 -0.0091564109605482 1.0
0.5 31.0 14.0 -0.9497649647663042 -3.5773611347947964 1.0
0.5 31.0 15.0 2.9961805735616647 0.08753167939962392 1.0
0.5 31.0 16.0 -2.7441165839377115 -1.5402141068489064 1.0
0.5 31.0 17.0 -4.110581835247038 0.06851130761343427 1.0
0.5 31.0 18.0 -3.1839996158231787 -2.191576182456271 1.0
0.5 31.0 19.0 -1.5918285009471278 1.3289456379312794 1.0
0.5 31.0 20.0 -0.45337166674409346 -0.7696621424842771 1.0
0.5 31.0 21.0 0.10892071894753386 -0.29836192086732716 1.0
0.5 31.0 22.0 -1.446159075773826 -1.6291380808837017 1.0
0.5 31.0 23.0 4.873940144231293 4.395805324572047 1.0
0.5 31.0 24.0 4.441902858162978 -4.122307109667856 1.0
0.5 31.0 25.0 1.9244729512744607 -2.5150888169939356 1.0
0.5 31.0 26.0 4.763434613091896 1.466497791391042 1.0
0.5 31.0 27.0 -4.9587240753868 -3.967513649955573 1.0
0.5 31.0 28.0 3.705298088958905 -3.8205279710987208 1.0
0.5 31.0 29.0 -4.004965190795243 3.5249423754592026 1.0
0.5 31.0 30.0 4.912116701619112 -3.555672183356837 1.0
0.5 31.0 31.0 -3.8713929480985243 -4.077036817736939 1.0
0.5 31.0 32.0 2.820053808425098 -2.034971597273205 1.0
0.5 31.0 33.0 -0.46500022984269584 0.3481377024466905 1.0
0.5 31.0 34.0 -3.093333069422318 0.9619024057385168 1.0
0.5 31.0 35.0 2.339445863410984 1.1890726767832946 1.0
0.5 31.0 36.0 -1.1416309842865902 0.8276086271687966 1.0
0.5 31.0 37.0 -4.7791093977640395 -0.7586934019653215 1.0
0.5 31.0 38.0 4.815221129063087 -0.12325298934747053 1.0
0.5 31.0 39.0 0.4976607364506833 4.387920598172064 1.0
0.5 32.0 0.0 3.5734911728618677 -3.4592640558635566 1.0
0.5 32.0 1.0 0.854033867051732 1.2828214137613791 1.0
0.5 32.0 2.0 -3.090384969461949 -1.9040877830184555 1.0
0.5 32.0 3.0 4.098884201144589 0.5162488529462363 1.0
0.5 32.0 4.0 0.0348943849033958 1.8116297850397265 1.0
0.5 32.0 5.0 -2.7754687095995703 4.822142436038076 1.0
0.5 32.0 6.0 -1.4015224524711711 -2.733533730811156 1.0
0.5 32.0 7.0 3.4733725648677947 1.0295712081983943 1.0
0.5 32.0 8.0 3.6268639222196413 -0.49552517065407997 1.0
0.5 32.0 9.0 -1.8781656080981888 3.665519611604193 1.0
0.5 32.0 10.0 -2.6786178594304335 -1.310257475489217 1.0
0.5 32.0 11.0 2.2556265872739045 -4.616107540159629 1.0
0.5 32.0 12.0 0.7307929081390521 -3.0336497148467667 1.0
0.5 32.0 13.0 -1.0627589790887395 2.7256823873144462 1.0
0.5 32.0 14.0 -1.0256304263989913 -2.6578457803101796 1.0
0.5 32.0 15.0 2.856089040630704 3.107823965485146 1.0
0.5 32.0 16.0 0.9115117841809788 2.588634029749082 1.0
0.5 32.0 17.0 2.803621158385483 0.39333268406773847 1.0
0.5 32.0 18.0 -2.062842081519892 4.385389866023758 1.0
0.5 32.0 19.0 -3.8697701879724997 1.9129067061012819 1.0
0.5 32.0 20.0 0.9279536192301343 4.236690026885547 1.0
0.5 32.0 21.0 -4.282311975689927 -0.611748855442853 1.0
0.5 32.0 22.0 -4.727653232186696 -1.9512000567356012 1.0
0.5 32.0 23.0 2.9403289432471578 -0.15004602810332557 1.0
0.5 32.0 24.0 1.3884768436186343 -4.319341051348364 1.0
0.5 32.0 25.0 4.590124607085231 0.34783115310998447 1.0
0.5 32.0 26.0 2.166932636357134 -4.733211121592765 1.0
0.5 32.0 27.0 -2.1947242100473687 2.019228636361877 1.0
0.5 32.0 28.0 -0.628848172838743 -0.339844871237287 1.0
0.5 32.0 29.0 4.66887979183236 4.910850841803114 1.0
0.5 32.0 30.0 -1.8135544350630295 -1.0459757534959446 1.0
0.5 32.0 31.0 -2.6663094018382894 4.842264357214962 1.0
0.5 32.0 32.0 2.8293255060463203 -1.2843091072662127 1.0
0.5 32.0 33.0 -4.719053784325443 -2.445702046348467 1.0
0.5 32.0 34.0 -3.5879782535408253 -1.6987227459541208 1.0
0.5 32.0 35.0 -1.364314586938936 3.4031464877420508 1.0
0.5 32.0 36.0 -4.897221550250913 -2.580365553504922 1.0
0.5 32.0 37.0 -4.662068729761069 -2.058942148438818 1.0
0.5 32.0 38.0 0.03072077235715831 1.9747027912636312 1.0
0.5 32.0 39.0 -4.591425880093803 -0.13293803723034348 1.0
0.5 33.0 0.0 0.3547835809810609 2.139518122085608 1.0
0.5 33.0 1.0 2.5507346460324607 -1.9637199346153302 1.0
0.5 33.0 2.0 -2.550594775226921 -3.398622490263482 1.0
0.5 33.0 3.0 1.8918462223784047 3.483932229129442 1.0
0.5 33.0 4.0 3.2553816103943625 -3.0334928892090476 1.0
0.5 33.0 5.0 2.7986457015844435 0.7502319521373195 1.0
0.5 33.0 6.0 -4.497509755759839 -4.576097352966427 1.0
0.5 33.0 7.0 -2.613285171302393 -4.81505592721302 1.0
0.5 33.0 8.0 -1.268815142253846 -3.0581589134816523 1.0
0.5 33.0 9.0 -1.401828853719147 -0.6345444677355347 1.0
0.5 33.0 10.0 2.8238783394757885 4.506888490156433 1.0
0.5 33.0 11.0 -3.4644470706785144 2.2797845893855007 1.0
0.5 33.0 12.0 0.10202042342292383 2.214063096606224 1.0
0.5 33.0 13.0 -1.8830927116408693 -0.49396161330257726 1.0
0.5 33.0 14.0 -2.046608088072249 -3.621869745753159 1.0
0.5 33.0 15.0 3.0565297031285272 1.2624001422652045 1.0
0.5 33.0 16.0 -3.5752698810232775 -0.7401529947257135 1.0
0.5 33.0 17.0 -1.322230800366154 -2.093189271218682 1.0
0.5 33.0 18.0 -0.7519856341587694 3.487289660623725 1.0
0.5 33.0 19.0 -2.871240926729758 -0.7669143707850745 1.0
0.5 33.0 20.0 2.3644313405447823 -2.198764442768791 1.0
0.5 33.0 21.0 1.1988872486256783 4.740282739561861 1.0
0.5 33.0 22.0 -3.831746158889162 -3.6351070408111474 1.0
0.5 33.0 23.0 -0.8767248446834124 -3.0552778116167936 1.0
0.5 33.0 24.0 -3.586438714306394 4.552101762256385 1.0
0.5 33.0 25.0 4.514487004448645 -1.2408681781773279 1.0
0.5 33.0 26.0 4.009941408260753 3.8644593067368422 1.0
0.5 33.0 27.0 4.875142572048929 -1.01903040990025 1.0
0.5 33.0 28.0 -4.220992420028108 -2.5733526180936526 1.0
0.5 33.0 29.0 1.0220615475176906 -2.9879429348901434 1.0
0.5 33.0 30.0 -3.3482238018046226 -4.629428040157901 1.0
0.5 33.0 31.0 0.1920196302858299 -0.9257680334250633 1.0
0.5 33.0 32.0 -1.2423541489317858 -3.65725064348287 1.0
0.5 33.0 33.0 -2.398849077167112 3.39080722437423 1.0
0.5 33.0 34.0 4.3889301256273985 -2.6442964138447667 1.0
0.5 33.0 35.0 4.794482557613442 1.0712043928271182 1.0
0.5 33.0 36.0 -2.0794096284041172 -0.7470321208525954 1.0
0.5 33.0 37.0 -1.7509588753363783 2.7662004730433276 1.0
0.5 33.0 38.0 -3.57697465062207 -0.8313907296313747 1.0
0.5 33.0 39.0 -1.6165742603322775 -1.446182891839821 1.0
0.5 34.0 0.0 -0.07352519337200025 4.5360271781510555 1.0
0.5 34.0 1.0 -2.6213073454767666 -0.029055755189660637 1.0
0.5 34.0 2.0 0.07879481877565375 -4.562900512740839 1.0
0.5 34.0 3.0 4.029849657613132 -1.3766145869182678 1.0
0.5 34.0 4.0 0.2840726887780489 3.381583981622745 1.0
0.5 34.0 5.0 -4.775784413888349 -4.612929480774256 1.0
0.5 34.0 6.0 1.317741806064431 4.96800550048073 1.0
0.5 34.0 7.0 -3.4176520353078335 -2.144218043521332 1.0
0.5 34.0 8.0 3.8845724962806276 -1.6989077332864646 1.0
0.5 34.0 9.0 -0.7008014285867059 1.3957965790122548 1.0
0.5 34.0 10.0 3.6191069114011736 -1.4728509130145309 1.0
0.5 34.0 11.0 -3.7123912457483597 0.9354414595971319 1.0
0.5 34.0 12.0 4.623816584338661 -3.6024173801786152 1.0
0.5 34.0 13.0 -1.6467912038664312 -3.552372884270495 1.0
0.5 34.0 14.0 4.798459408928927 0.38213061036826 1.0
0.5 34.0 15.0 0.31924034053299266 4.976010046789515 1.0
0.5 34.0 16.0 -0.06517973919801356 -1.4728391381541464 1.0
0.5 34.0 17.0 -2.228228116716836 -3.9894945979708663 1.0
0.5 34.0 18.0 3.834220600943061 0.9907465234496229 1.0
0.5 34.0 19.0 -2.5897663010939107 -4.9645456295238475 1.0
0.5 34.0 20.0 -1.4491187749808363 -2.0149531277849295 1.0
0.5 34.0 21.0 -2.1348534075748926 2.15383067372537 1.0
0.5 34.0 22.0 2.2724370172110238 0.7178487587695699 1.0
0.5 34.0 23.0 3.284377623780859 -1.166560652476977 1.0
0.5 34.0 24.0 2.3195911160732123 4.848959234449765 1.0
0.5 34.0 25.0 -1.0087940789030112 -3.9738481013866336 1.0
0.5 34.0 26.0 -2.7198889480422506 -3.0365407520240595 1.0
0.5 34.0 27.0 -2.9180659429895375 1.178789768988957 1.0
0.5 34.0 28.0 -4.611934873809833 4.612662837176293 1.0
0.5 34.0 29.0 -0.042263002768281765 -0.015649618605356963 1.0
0.5 34.0 30.0 -4.0825955831144505 -0.41504715165636696 1.0
0.5 34.0 31.0 1.4748898685377387 1.1148488472746 1.0
0.5 34.0 32.0 -3.420302672288104 2.2424890021612214 1.0
0.5 34.0 33.0 -1.350527960358523 -1.3678755636201014 1.0
0.5 34.0 34.0 2.6990261005599505 1.996118415635407 1.0
0.5 34.0 35.0 1.6670960438715285 -2.7094588604830028 1.0
0.5 34.0 36.0 3.2827595320671463 -4.710358824539998 1.0
0.5 34.0 37.0 -3.6748358090014657 0.5255876087530869 1.0
0.5 34.0 38.0 -4.984881948138106 -2.1740860907561412 1.0
0.5 34.0 39.0 0.9746076544181648 -0.43503971266315666 1.0
0.5 35.0 0.0 -2.328848894385124 2.1911023842691035 1.0
0.5 35.0 1.0 -0.46998151127914767 4.803795091677337 1.0
0.5 35.0 2.0 3.4819490112390756 -4.480274954692195 1.0
0.5 35.0 3.0 3.1815347456908807 -2.646714042955778 1.0
0.5 35.0 4.0 -1.4223841528396797 4.391949225429638 1.0
0.5 35.0 5.0 -3.9312065081703396 -0.4979914465721009 1.0
0.5 35.0 6.0 -3.207268280886372 -4.234057882855975 1.0
0.5 35.0 7.0 4.366721319218517 -2.278150548165616 1.0
0.5 35.0 8.0 4.839737002802298 3.4218932820376065 1.0
0.5 35.0 9.0 3.984882264565007 0.805511861164331 1.0
0.5 35.0 10.0 3.1388741486962815 -0.8693333406440704 1.0
0.5 35.0 11.0 -0.6034414056314263 -1.2598453102406015 1.0
0.5 35.0 12.0 -1.5609765318257995 -3.441143403246023 1.0
0.5 35.0 13.0 4.990689501425189 -4.998206943572284 1.0
0.5 35.0 14.0 2.7719778318958808 3.78335996725691 1.0
0.5 35.0 15.0 0.7792518865743547 -3.90232814166116 1.0
0.5 35.0 16.0 -1.7466022678034987 -2.787603042630884 1.0
0.5 35.0 17.0 -3.705386729101395 -2.61109932686743 1.0
0.5 35.0 18.0 -1.2231040627688405 -4.303752691361673 1.0
0.5 35.0 19.0 0.07584691565221924 3.4932124512521074 1.0
0.5 35.0 20.0 -2.256597885823872 -1.3402068750123641 1.0
0.5 35.0 21.0 -2.730053253056325 4.897792509854064 1.0
0.5 35.0 22.0 -4.373837247176704 -3.799711576090469 1.0
0.5 35.0 23.0 4.563334806192891 -0.1952994607160683 1.0
0.5 35.0 24.0 2.3924310916557108 2.267605089835935 1.0
0.5 35.0 25.0 -0.08898883779984423 1.6864820414537727 1.0
0.5 35.0 26.0 -2.413890903978669 4.28052971626186 1.0
0.5 35.0 27.0 4.345140774148961 -1.4528478152846502 1.0
0.5 35.0 28.0 -4.778694399704224 3.8315192615410982 1.0
0.5 35.0 29.0 4.521832744284282 -0.5361969594638314 1.0
0.5 35.0 30.0 1.5449734400938153 3.493645971169151 1.0
0.5 35.0 31.0 -2.3956832698219754 -2.3733249053831407 1.0
0.5 35.0 32.0 1.197500753977411 4.167292859319543 1.0
0.5 35.0 33.0 4.58267539069173 -3.1994014376454247 1.0
0.5 35.0 34.0 1.333323056021353 -4.1095097893736545 1.0
0.5 35.0 35.0 4.194744060462279 -0.10169846017687778 1.0
0.5 35.0 36.0 3.859338172542694 2.585609122557633 1.0
0.5 35.0 37.0 -2.760256591717244 4.186149573746544 1.0
0.5 35.0 38.0 3.1070975675266084 -2.1735414471366834 1.0
0.5 35.0 39.0 0.26566286675632345 -2.4645341845179205 1.0
0.5 36.0 0.0 -0.024541089785429016 4.383657234693585 1.0
0.5 36.0 1.0 -1.6366345976787757 4.0876560107341255 1.0
0.5 36.0 2.0 3.863586609673238 -4.957514073779387 1.0
0.5 36.0 3.0 -0.8851609327154293 -4.281058420362186 1.0
0.5 36.0 4.0 0.5598840742941427 -4.013753877808658 1.0
0.5 36.0 5.0 3.619971480373529 -2.2294179564038985 1.0
0.5 36.0 6.0 -2.33934519126581 -3.1005156491983543 1.0
0.5 36.0 7.0 -4.034320245718631 3.653047589025224 1.0
0.5 36.0 8.0 -0.9370181161081277 3.8692692252653558 1.0
0.5 36.0 9.0 -0.4968228342808878 3.137676918437325 1.0
0.5 36.0 10.0 -3.3904732577637073 2.149034793710662 1.0
0.5 36.0 11.0 -3.136385606222869 3.4169381371112912 1.0
0.5 36.0 12.0 0.05864803477325253 -4.101670374335622 1.0
0.5 36.0 13.0 0.7692868561308188 0.34448635781194614 1.0
0.5 36.0 14.0 -3.7885573618100055 1.1231487073335513 1.0
0.5 36.0 15.0 4.387048016592608 -0.3412120198402624 1.0
0.5 36.0 16.0 4.24801685347675 -3.784661916680946 1.0
0.5 36.0 17.0 3.2225277639852052 4.449165218873347 1.0
0.5 36.0 18.0 -2.891499919885633 1.725907052721169 1.0
0.5 36.0 19.0 -4.631795939349555 -4.359314551349361 1.0
0.5 36.0 20.0 -1.8999895206864115 -2.6941025350192693 1.0
0.5 36.0 21.0 3.2953291852177955 -3.1455953220259403 1.0
0.5 36.0 22.0 -2.181007597639548 -0.8902064119154982 1.0
0.5 36.0 23.0 -1.680832143556473 3.6420470316046387 1.0
0.5 36.0 24.0 -1.0509565170986224 -4.619712914768243 1.0
0.5 36.0 25.0 -1.6310438295617322 -0.2007143912360112 1.0
0.5 36.0 26.0 -4.472444459429833 1.4195313420484261 1.0
0.5 36.0 27.0 0.7584405926596105 0.22936288431243845 1.0
0.5 36.0 28.0 -1.129807083444021 -2.2991435058130314 1.0
0.5 36.0 29.0 4.279814457377309 0.6588716462275777 1.0
0.5 36.0 30.0 4.500439460697683 -3.5137617678904753 1.0
0.5 36.0 31.0 -0.866680105297613 -0.5999095041730937 1.0
0.5 36.0 32.0 3.152145617258178 2.9886437968885646 1.0
0.5 36.0 33.0 -1.0432653796069582 -4.6906463217858985 1.0
0.5 36.0 34.0 4.196210790529886 -3.1452893265610826 1.0
0.5 36.0 35.0 -3.4665806881999304 -0.8914964919731467 1.0
0.5 36.0 36.0 1.6882378984201374 -1.457969949629172 1.0
0.5 36.0 37.0 3.634552221702945 2.3165596294307154 1.0
0.5 36.0 38.0 1.6422053848360463 3.026652107051035 1.0
0.5 36.0 39.0 -4.109365573714464 -0.8186858107914361 1.0
0.5 37.0 0.0 4.105896843465008 0.20024161964723852 1.0
0.5 37.0 1.0 -4.410706962343717 2.205639416807312 1.0
0.5 37.0 2.0 -4.852960540259936 -2.697346719177461 1.0
0.5 37.0 3.0 -1.1391237001047494 1.1308754364270213 1.0
0.5 37.0 4.0 1.954799604043382 3.784514795311255 1.0
0.5 37.0 5.0 -1.1597230590367236 -1.4302602392333155 1.0
0.5 37.0 6.0 -1.0805077095016524 3.1057423299693916 1.0
0.5 37.0 7.0 3.082875872851641 2.8737819271300005 1.0
0.5 37.0 8.0 3.77405864930126 -0.8502670106186194 1.0
0.5 37.0 9.0 1.7644552491431114 0.2754825311051281 1.0
0.5 37.0 10.0 0.6640741001657116 -2.830686199853707 1.0
0.5 37.0 11.0 3.009378465954196 3.862675921777944 1.0
0.5 37.0 12.0 1.3587489964941586 0.4793508865876124 1.0
0.5 37.0 13.0 3.0682896811831935 -3.476946958127453 1.0
0.5 37.0 14.0 -3.2764097293128156 4.472250561957139 1.0
0.5 37.0 15.0 2.0060384834491547 -1.360924077617518 1.0
0.5 37.0 16.0 -1.953910234795373 -1.0435831636946502 1.0
0.5 37.0 17.0 0.06248929729363528 -0.9812793088635132 1.0
0.5 37.0 18.0 1.8390170685200466 -1.6959505263257588 1.0
0.5 37.0 19.0 -4.086674505218254 -0.6849626605589982 1.0
0.5 37.0 20.0 2.3415891564178146 -3.556494149322904 1.0
0.5 37.0 21.0 -4.3150845736054375 -1.9824055887885783 1.0
0.5 37.0 22.0 3.0969966635627237 0.3427655605188722 1.0
0.5 37.0 23.0 0.7667563378550319 -0.008541321665649804 1.0
0.5 37.0 24.0 2.7054698925781375 1.3043775488661034 1.0
0.5 37.0 25.0 3.216968646540229 1.4944313764300352 1.0
0.5 37.0 26.0 0.13526879416321602 -1.8714140601701312 1.0
0.5 37.0 27.0 -0.12923505656000778 -1.3791536535272009 1.0
0.5 37.0 28.0 1.8196847414223418 1.6910330228370185E-4 1.0
0.5 37.0 29.0 0.13876983457429581 -0.7996891037248455 1.0
0.5 37.0 30.0 -3.823651578394375 -0.18415449624196523 1.0
0.5 37.0 31.0 -2.078477339284307 4.322348835542519 1.0
0.5 37.0 32.0 1.1558346148578282 0.5929370063238881 1.0
0.5 37.0 33.0 -4.931553406494573 -4.137016627218601 1.0
0.5 37.0 34.0 -3.0402358808557506 -1.4137018034836766 1.0
0.5 37.0 35.0 2.3740198150087473 0.6568752427828635 1.0
0.5 37.0 36.0 -0.8356962914410593 -3.210639530209872 1.0
0.5 37.0 37.0 4.230840277647232 0.28871019883294124 1.0
0.5 37.0 38.0 -2.856833088487163 1.606454929248021 1.0
0.5 37.0 39.0 4.748724928495383 -2.129891933917174 1.0
0.5 38.0 0.0 -1.0950773910718548 3.657417966388234 1.0
0.5 38.0 1.0 -3.599057087645053 -0.37659634329748304 1.0
0.5 38.0 2.0 -3.7573751684808974 0.9118021930603479 1.0
0.5 38.0 3.0 -2.9268714648607808 -0.38877453965560704 1.0
0.5 38.0 4.0 3.439471523414827 -1.3511499022608509 1.0
0.5 38.0 5.0 -2.232620995114556 0.5308829169755764 1.0
0.5 38.0 6.0 -1.317585525725967 -3.899287661220101 1.0
0.5 38.0 7.0 1.1534906283312871 2.135141921325684 1.0
0.5 38.0 8.0 -0.1936628314581732 4.060221415612471 1.0
0.5 38.0 9.0 0.6612435548697437 1.5460549736872444 1.0
0.5 38.0 10.0 -4.975378090060344 1.2208598074947403 1.0
0.5 38.0 11.0 0.8720972568950769 -3.503915701954865 1.0
0.5 38.0 12.0 4.89763644020795 -0.4346079283251747 1.0
0.5 38.0 13.0 2.59560880223302 3.360836839333391 1.0
0.5 38.0 14.0 3.9488649060970396 0.7309525668060619 1.0
0.5 38.0 15.0 0.20534568045217227 -3.259688570592638 1.0
0.5 38.0 16.0 -0.9408829521447348 -4.047784874168051 1.0
0.5 38.0 17.0 4.561012287649964 -3.699372685957094 1.0
0.5 38.0 18.0 -2.947548422666977 1.9205960915922438 1.0
0.5 38.0 19.0 2.1579644193751246 -0.3942065134319064 1.0
0.5 38.0 20.0 -4.266850198308631 3.6962686749551423 1.0
0.5 38.0 21.0 0.0222401789808222 -3.2508552729218074 1.0
0.5 38.0 22.0 1.0412843584094 3.6710986226675857 1.0
0.5 38.0 23.0 -3.691313954298794 3.7366593912046238 1.0
0.5 38.0 24.0 -2.0348761478574606 2.5044363223723742 1.0
0.5 38.0 25.0 -1.4382852120085285 -3.220559470427032 1.0
0.5 38.0 26.0 4.381824493118881 3.940029603214736 1.0
0.5 38.0 27.0 -4.837320577237287 -1.079769299110854 1.0
0.5 38.0 28.0 -4.906442440928846 0.46114954575723477 1.0
0.5 38.0 29.0 0.6148032855408943 3.748902677982775 1.0
0.5 38.0 30.0 -2.0155722021633418 0.8523491905871916 1.0
0.5 38.0 31.0 2.0060611025526214 -1.6455528720182242 1.0
0.5 38.0 32.0 -4.555761549398293 3.910104217197352 1.0
0.5 38.0 33.0 2.242356017998791 -0.8839400462440334 1.0
0.5 38.0 34.0 1.9883657742848682 4.780913665309345 1.0
0.5 38.0 35.0 -4.542208827029054 -0.5464966501606829 1.0
0.5 38.0 36.0 3.3487029374320194 1.704261331302562 1.0
0.5 38.0 37.0 1.3857900174663467 -1.7629977237123216 1.0
0.5 38.0 38.0 3.218843650082597 1.299176497515596 1.0
0.5 38.0 39.0 -1.585729641755834 1.1995047354481745 1.0
0.5 39.0 0.0 1.3073711051191257 -0.0430514090229952 1.0
0.5 39.0 1.0 -0.4499712837338805 -4.60077475106187 1.0
0.5 39.0 2.0 0.3863281550000277 -2.6111082446988485 1.0
0.5 39.0 3.0 1.581951040737871 -1.4520445377044178 1.0
0.5 39.0 4.0 0.6176443444900173 -4.073129104941318 1.0
0.5 39.0 5.0 -4.6403900434987975 0.8507161558461194 1.0
0.5 39.0 6.0 -3.401503910051228 -4.214362694453946 1.0
0.5 39.0 7.0 4.293271035333742 -3.105105975337673 1.0
0.5 39.0 8.0 -3.7127149085255953 2.1698470480028913 1.0
0.5 39.0 9.0 -1.0667239381355866 -0.9179095311170773 1.0
0.5 39.0 10.0 1.2551192533417463 4.844965162237308 1.0
0.5 39.0 11.0 -2.1987719254967497 2.1134850622969825 1.0
0.5 39.0 12.0 4.553383828806515 4.590080512295673 1.0
0.5 39.0 13.0 -1.4776420120081335 0.11959362378587812 1.0
0.5 39.0 14.0 -4.103804782767236 3.8119966563680734 1.0
0.5 39.0 15.0 -1.252099219488846 4.167883032195483 1.0
0.5 39.0 16.0 3.827231801329198 0.5237787670588387 1.0
0.5 39.0 17.0 3.3582654558965555 -1.9132220556192814 1.0
0.5 39.0 18.0 1.0736384002820714 -4.122728354916083 1.0
0.5 39.0 19.0 3.0022363925611284 4.812177173986665 1.0
0.5 39.0 20.0 2.3854082481318306 -4.512064275450523 1.0
0.5 39.0 21.0 -0.8456040956598541 3.7926710385538716 1.0
0.5 39.0 22.0 3.8168424945799515 3.901664144242897 1.0
0.5 39.0 23.0 2.5624100567411654 2.3822342602231172 1.0
0.5 39.0 24.0 -1.3726026004943193 -0.27291381991997543 1.0
0.5 39.0 25.0 -4.792224567722689 0.6042435332270113 1.0
0.5 39.0 26.0 -2.237571679154412 -3.806820810005067 1.0
0.5 39.0 27.0 0.7180746799823732 -0.8117531315555908 1.0
0.5 39.0 28.0 2.220044116453993 -1.8091536254671992 1.0
0.5 39.0 29.0 4.545744045690164 -4.639006857452652 1.0
0.5 39.0 30.0 0.5184877965042798 2.218441599913631 1.0
0.5 39.0 31.0 3.167808912603604 -0.48419566313570606 1.0
0.5 39.0 32.0 -3.0508353126608356 0.07505389182602329 1.0
0.5 39.0 33.0 1.0629953252090862 -1.4105454988321355 1.0
0.5 39.0 34.0 -4.666361536310771 0.6316894276293263 1.0
0.5 39.0 35.0 -4.712920943094084 -1.256704592852329 1.0
0.5 39.0 36.0 -1.4013769249854011 -3.4406813391748035 1.0
0.5 39.0 37.0 0.09428796973812048 0.7754479570348796 1.0
0.5 39.0 38.0 -3.358801110858053 4.504084942164866 1.0
0.5 39.0 39.0 -1.7579743298610593 -3.4165431895975464 1.0
