1.0 0.0 0.0 4.121832195229697 4.855452005052657 1.0
1.0 0.0 5.0 2.556085669030658 3.84008827198706 1.0
1.0 0.0 10.0 -2.7800962708663777 1.7806488358483143 1.0
1.0 0.0 15.0 -1.3087520453719783 4.131487818147729 1.0
1.0 0.0 20.0 3.729383005530666 -2.0158625241536674 1.0
1.0 5.0 0.0 2.9339159752484276 1.6704043523935974 1.0
1.0 5.0 5.0 0.4764894104138726 -4.825927690547557 1.0
1.0 5.0 10.0 3.4573451992038216 3.006993965522595 1.0
1.0 5.0 15.0 -1.4561633148371778 0.6733149844444855 1.0
1.0 5.0 20.0 -4.327502616642218 -2.3103587154683156 1.0
1.0 10.0 0.0 3.023637303534251 -0.9145550072224609 1.0
1.0 10.0 5.0 -3.4778675580898852 1.3945032621731288 1.0
1.0 10.0 10.0 -2.3742317897457244 2.1634866235573984 1.0
1.0 10.0 15.0 -0.9898390288606649 -3.9719394389282403 1.0
1.0 10.0 20.0 2.3551127891967543 -1.698669370776308 1.0
1.0 15.0 0.0 1.2207166633781972 4.926765201508946 1.0
1.0 15.0 5.0 4.943298608422273 -2.5083311988626655 1.0
1.0 15.0 10.0 3.58335293249327 3.9829411320066193 1.0
1.0 15.0 15.0 -4.246844007137077 1.0805735453035137 1.0
1.0 15.0 20.0 -0.7947711869887053 -3.7063155324996577 1.0
1.0 20.0 0.0 1.4699201604954482 -1.8023065551474158 1.0
1.0 20.0 5.0 4.718096379506724 -1.240421935274493 1.0
1.0 20.0 10.0 -4.948592147121808 2.3523608011160686 1.0
1.0 20.0 15.0 3.277360744898747 3.952619164439259 1.0
1.0 20.0 20.0 -1.8698987423768507 2.3597313726955633 1.0
