1.0 0.0 0.0 -2.897568513862435 -0.47216556165286505 1.0
1.0 0.0 5.0 -2.6567293120227395 1.4974123497922793 1.0
1.0 0.0 10.0 4.262040037862901 0.4706371971306398 1.0
1.0 0.0 15.0 -2.0870190163980418 -2.408146302961832 1.0
1.0 0.0 20.0 3.2851520992849217 -3.447944580101945 1.0
1.0 0.0 25.0 -3.793984561210364 4.595114793828207 1.0
1.0 5.0 0.0 -0.38244630852180883 -1.493456655994275 1.0
1.0 5.0 5.0 -2.0255314041026895 3.136440163154681 1.0
1.0 5.0 10.0 -0.053853450542998615 1.6521612557795953 1.0
1.0 5.0 15.0 0.5109501794032472 3.5194089990575 1.0
1.0 5.0 20.0 3.977436495526428 4.94049019894825 1.0
1.0 5.0 25.0 -4.951943440419974 -0.31574993399197027 1.0
1.0 10.0 0.0 -1.6163406288036963 -3.246272097407638 1.0
1.0 10.0 5.0 0.38995827380916204 -3.2337545594541073 1.0
1.0 10.0 10.0 4.319432457024554 -3.841017381401284 1.0
1.0 10.0 15.0 -0.01533568068760971 -1.9450340870816074 1.0
1.0 10.0 20.0 -1.8362173659518066 -0.21512968287202128 1.0
1.0 10.0 25.0 2.428722933953688 -0.6045791060797123 1.0
1.0 15.0 0.0 4.95684575284116 0.0030913096192364264 1.0
1.0 15.0 5.0 -0.25817935596022057 0.37102346425317734 1.0
1.0 15.0 10.0 -4.622506927307695 -0.32225981566487594 1.0
1.0 15.0 15.0 -1.3430518811571721 1.969605056503088 1.0
1.0 15.0 20.0 0.047590411601856175 2.3876882474222105 1.0
1.0 15.0 25.0 -2.357498792018229 -0.14245966858584236 1.0
1.0 20.0 0.0 -0.5494554634133735 4.732448409203746 1.0
1.0 20.0 5.0 -3.5941103743010947 0.8733727234210873 1.0
1.0 20.0 10.0 3.816254373335969 -0.9004878152294644 1.0
1.0 20.0 15.0 -4.7760690437876825 -2.098844204314716 1.0
1.0 20.0 20.0 4.9515284459708475 1.1012303353564121 1.0
1.0 20.0 25.0 -1.3964933148565981 4.895055989018246 1.0
1.0 25.0 0.0 1.1844864600123728 -4.218117917346803 1.0
1.0 25.0 5.0 1.4966645656616286 -0.49940574926560544 1.0
1.0 25.0 10.0 -2.656581296381242 0.6506593224249126 1.0
1.0 25.0 15.0 -3.4224499279258325 -4.5457784065769875 1.0
1.0 25.0 20.0 4.005023917073672 1.6138676904194487 1.0
1.0 25.0 25.0 -2.0657415013629343 0.7417648578265172 1.0
