1.0 0.0 0.0 4.567804863037328 4.093833620168429 0.1
1.0 0.0 0.5 2.0188260786723795 3.133125713663466 0.1
1.0 0.0 1.0 -4.946963071037778 -2.6167271119268207 0.1
1.0 0.0 1.5 4.3428322369150045 -1.1683786029039247 0.1
1.0 0.0 2.0 0.7290066475072106 -1.6436837623612846 0.1
1.0 0.0 2.5 2.0571877784624544 -0.6674121149680188 0.1
1.0 0.0 3.0 -2.338060116838113 -0.5295734740699034 0.1
1.0 0.0 3.5 4.187078820348999 -4.162387328184493 0.1
1.0 0.0 4.0 0.06831295246937152 2.175096139805543 0.1
1.0 0.0 4.5 3.8100050596989057 -0.27322757314243074 0.1
1.0 0.0 5.0 -2.18019170966671 -3.0058702833955264 0.1
1.0 0.0 5.5 1.7126460692888088 -2.5193926554420742 0.1
1.0 0.0 6.0 -2.1203307951773542 0.7846390898973521 0.1
1.0 0.0 6.5 -4.0096142353248085 2.789339130899627 0.1
1.0 0.0 7.0 -0.2596626280715224 -2.5830434209441266 0.1
1.0 0.0 7.5 -1.6130781184915066 0.9851316158969308 0.1
1.0 0.0 8.0 1.7779629935778765 1.9184910178112338 0.1
1.0 0.0 8.5 2.048334877282465 3.0132817116592125 0.1
1.0 0.0 9.0 -1.1524219182278705 0.985887936244378 0.1
1.0 0.0 9.5 0.8054506200149287 2.3007950055941784 0.1
1.0 0.5 0.0 1.413427824741329 4.693679631344924 0.1
1.0 0.5 0.5 -2.8997237219009184 -1.9141143345931177 0.1
1.0 0.5 1.0 3.0421585201144765 -4.786060976326167 0.1
1.0 0.5 1.5 4.236750571264526 3.0395178639784977 0.1
1.0 0.5 2.0 -3.817738364824228 -1.5897229077070554 0.1
1.0 0.5 2.5 -1.2370059924029997 1.3401778431043905 0.1
1.0 0.5 3.0 -4.188621566197734 3.2808596749456456 0.1
1.0 0.5 3.5 0.4817060395442132 -4.2443453248000065 0.1
1.0 0.5 4.0 -3.246225878670015 2.398935713165274 0.1
1.0 0.5 4.5 0.8373030793555998 -1.2593246935507398 0.1
1.0 0.5 5.0 3.2534874498179036 3.735710316034483 0.1
1.0 0.5 5.5 -4.757153179757384 3.076823869458474 0.1
1.0 0.5 6.0 -1.2656251101821758 0.5492106046907601 0.1
1.0 0.5 6.5 1.2867661809139648 2.161251206313816 0.1
1.0 0.5 7.0 -0.4135392930779025 1.3841327834693296 0.1
1.0 0.5 7.5 2.698828279025115 -1.3067403330699703 0.1
1.0 0.5 8.0 -0.7112846318494936 -3.348520483769888 0.1
1.0 0.5 8.5 -1.5432343664001191 3.2129251783019015 0.1
1.0 0.5 9.0 -1.7884154556931176 1.7431245880434822 0.1
1.0 0.5 9.5 -2.520575592890295 0.7134964469737124 0.1
1.0 1.0 0.0 0.03829506699293539 -0.8147235930360663 0.1
1.0 1.0 0.5 1.9792449373098542 4.379393536003256 0.1
1.0 1.0 1.0 -2.0978359506507904 3.9461316904292456 0.1
1.0 1.0 1.5 -3.263654335952971 0.39419781258084985 0.1
1.0 1.0 2.0 2.057848186985786 -3.3131540647574598 0.1
1.0 1.0 2.5 -2.6915690147880666 -3.281887506384188 0.1
1.0 1.0 3.0 -3.812336143226722 -0.5187297270339837 0.1
1.0 1.0 3.5 -2.4948050532230304 1.7519452394914943 0.1
1.0 1.0 4.0 1.289819298859002 -2.671264521531158 0.1
1.0 1.0 4.5 -4.667148055102112 -4.115256038431117 0.1
1.0 1.0 5.0 4.503598397154336 -3.354508841612768 0.1
1.0 1.0 5.5 -2.946127621221908 0.0647961702605766 0.1
1.0 1.0 6.0 -4.802756729685427 -1.155764627326048 0.1
1.0 1.0 6.5 1.0089585381952562 0.7387787114393829 0.1
1.0 1.0 7.0 2.177479783322479 3.097499520423252 0.1
1.0 1.0 7.5 -3.5872548361912404 -0.22857512192367224 0.1
1.0 1.0 8.0 3.9753409251190543 -2.570519219592909 0.1
1.0 1.0 8.5 -2.5383320370032223 1.288149508532097 0.1
1.0 1.0 9.0 -1.1788612869646906 1.3922418234120872 0.1
1.0 1.0 9.5 -0.21810970767023363 4.775659760409635 0.1
1.0 1.5 0.0 2.1421431491921092 -3.243973304336658 0.1
1.0 1.5 0.5 4.497136028649315 -4.769355238414764 0.1
1.0 1.5 1.0 -2.8002706668071955 4.87977136925635 0.1
1.0 1.5 1.5 -4.989273282363645 -3.335771922383085 0.1
1.0 1.5 2.0 -1.1715454433974894 0.72670912194181 0.1
1.0 1.5 2.5 2.973075630672711 4.8499367035825625 0.1
1.0 1.5 3.0 1.1477318793413183 3.8513090827241356 0.1
1.0 1.5 3.5 2.8453460563881574 -1.1544791720002867 0.1
1.0 1.5 4.0 -2.412527515004096 -3.8923950992668166 0.1
1.0 1.5 4.5 -1.028070404957698 -1.4759618450937593 0.1
1.0 1.5 5.0 -4.397735442719274 4.315305772531577 0.1
1.0 1.5 5.5 -4.861141792952495 -2.8828078727951523 0.1
1.0 1.5 6.0 -0.9556292802677451 3.668903152023468 0.1
1.0 1.5 6.5 4.222214751206781 3.603995400806552 0.1
1.0 1.5 7.0 -1.6759827860770713 4.286324361849932 0.1
1.0 1.5 7.5 4.7200595253043485 -0.32959831435100284 0.1
1.0 1.5 8.0 2.2061611085540704 -1.032500313474202 0.1
1.0 1.5 8.5 1.7133450405577664 -0.07936451874641293 0.1
1.0 1.5 9.0 -4.623880618197188 4.969550933378162 0.1
1.0 1.5 9.5 2.115741067585299 2.0385181046128187 0.1
1.0 2.0 0.0 2.7521468619058496 -3.5958725742670996 0.1
1.0 2.0 0.5 -2.0507492569598473 -4.322823457265868 0.1
1.0 2.0 1.0 4.931256958023408 -3.276251760253528 0.1
1.0 2.0 1.5 -3.1780547877226963 4.998089871054956 0.1
1.0 2.0 2.0 -0.8747213109308714 2.6878369462169402 0.1
1.0 2.0 2.5 -4.213897551816528 -0.014485143806912681 0.1
1.0 2.0 3.0 -3.522653399736506 2.1854638771530412 0.1
1.0 2.0 3.5 3.319486307118316 -4.070098004691558 0.1
1.0 2.0 4.0 -0.2552726582838849 -1.6593642115732443 0.1
1.0 2.0 4.5 4.299455139609838 -1.19599860248641 0.1
1.0 2.0 5.0 4.992083069204833 1.4373065494819839 0.1
1.0 2.0 5.5 4.529045664042224 -3.352074455761115 0.1
1.0 2.0 6.0 -2.840016657482727 -1.6248962988527236 0.1
1.0 2.0 6.5 4.6261230309553945 3.534521073194515 0.1
1.0 2.0 7.0 2.156670611664069 -3.396898347770687 0.1
1.0 2.0 7.5 -2.098845610737964 3.2039782375443586 0.1
1.0 2.0 8.0 -2.5332017100302706 -4.222207761646288 0.1
1.0 2.0 8.5 3.2260988086273716 4.03668383683504 0.1
1.0 2.0 9.0 -0.8209475038006273 -4.247260769044104 0.1
1.0 2.0 9.5 1.8363774246166287 -4.324098055833923 0.1
1.0 2.5 0.0 -4.194719471261413 3.931224315003357 0.1
1.0 2.5 0.5 -3.4901715591257187 0.31694502591591167 0.1
1.0 2.5 1.0 -1.7030511730986109 -1.500472891783886 0.1
1.0 2.5 1.5 2.631008339157333 -1.552923337899915 0.1
1.0 2.5 2.0 1.26045413775421 -3.392696296880443 0.1
1.0 2.5 2.5 3.2761567732132697 -0.3495362080419673 0.1
1.0 2.5 3.0 2.531017715714067 -1.8271390329174961 0.1
1.0 2.5 3.5 4.643591003714484 3.985077340119682 0.1
1.0 2.5 4.0 -3.014402174846328 -3.335050744853204 0.1
1.0 2.5 4.5 3.9062521639657497 -1.6064866972364609 0.1
1.0 2.5 5.0 -4.241550582545754 -2.0509746971978107 0.1
1.0 2.5 5.5 -1.1224219400507343 -4.37270933399277 0.1
1.0 2.5 6.0 3.86867543902423 -2.9152350464814614 0.1
1.0 2.5 6.5 -2.241172757409519 0.24425538961608506 0.1
1.0 2.5 7.0 -2.3226911195953557 0.8229348700370176 0.1
1.0 2.5 7.5 -2.3245598440374318 -2.618699063480141 0.1
1.0 2.5 8.0 -1.4378320969913174 0.47355751867875284 0.1
1.0 2.5 8.5 2.7119644170942188 -4.790307799441591 0.1
1.0 2.5 9.0 0.7319377322594356 -4.196366259027171 0.1
1.0 2.5 9.5 -4.280462277388653 1.2478595259845342 0.1
1.0 3.0 0.0 -0.8033777654617813 -4.328482780647093 0.1
1.0 3.0 0.5 3.296861797598817 -3.963393882986396 0.1
1.0 3.0 1.0 -1.4302723474758539 -4.783641303976617 0.1
1.0 3.0 1.5 0.03506725094745988 -4.925750025526588 0.1
1.0 3.0 2.0 4.598228274316426 2.5948702645480983 0.1
1.0 3.0 2.5 -3.6311910180912346 1.3643028045481218 0.1
1.0 3.0 3.0 -1.9004209431244723 0.49398488197822665 0.1
1.0 3.0 3.5 4.190396303621053 -3.554138948213399 0.1
1.0 3.0 4.0 -4.6692633758482565 -1.0531816534277105 0.1
1.0 3.0 4.5 -4.239291704347764 -2.6430320155092923 0.1
1.0 3.0 5.0 -0.2776443710271872 -3.6593370819884097 0.1
1.0 3.0 5.5 4.390098401099605 0.6237800417106456 0.1
1.0 3.0 6.0 -2.6179701626276843 4.9295775143484395 0.1
1.0 3.0 6.5 -0.13554854561974228 2.0734500404904557 0.1
1.0 3.0 7.0 2.8036507858943684 -4.3495394584757445 0.1
1.0 3.0 7.5 -2.344000294135297 3.0362189753088877 0.1
1.0 3.0 8.0 1.8156595393566608 4.5903257623315845 0.1
1.0 3.0 8.5 -1.4145337283783856 -0.6677168554524808 0.1
1.0 3.0 9.0 -4.040827187104933 0.06382237007801628 0.1
1.0 3.0 9.5 4.791552594245424 -0.6684128247008578 0.1
1.0 3.5 0.0 -3.792338850114887 4.933877549274959 0.1
1.0 3.5 0.5 -1.3842571412625237 1.3297621970358096 0.1
1.0 3.5 1.0 4.223068553454489 3.5446591577611137 0.1
1.0 3.5 1.5 3.3248455803587404 -1.4989791713819867 0.1
1.0 3.5 2.0 -3.811039550532662 -3.5651085715964714 0.1
1.0 3.5 2.5 -1.529344196781551 1.7688806144666893 0.1
1.0 3.5 3.0 -2.3305096213454792 -1.1391206973195533 0.1
1.0 3.5 3.5 -1.8744368828060765 -2.921816380220381 0.1
1.0 3.5 4.0 -2.0863174562361895 1.0824284817004237 0.1
1.0 3.5 4.5 -2.7651080052144863 3.7569457612859143 0.1
1.0 3.5 5.0 -1.442274646719043 -0.6488243024475624 0.1
1.0 3.5 5.5 -0.10878937472995087 4.924150259715091 0.1
1.0 3.5 6.0 4.773677840785588 -3.410329503420563 0.1
1.0 3.5 6.5 3.4627973821878957 -0.7703155249368585 0.1
1.0 3.5 7.0 -3.428804877516182 0.8608797115128963 0.1
1.0 3.5 7.5 4.197910599805537 -4.394814472909693 0.1
1.0 3.5 8.0 4.1795746264147855 -2.0983876261005907 0.1
1.0 3.5 8.5 3.1784541927044287 -0.840350616453116 0.1
1.0 3.5 9.0 4.220640891536808 1.2296942775306778 0.1
1.0 3.5 9.5 -3.6889089672124764 -3.128769268705942 0.1
1.0 4.0 0.0 2.7286741195287822 -0.3664587926334226 0.1
1.0 4.0 0.5 -1.5791951970320661 -3.6932617605731357 0.1
1.0 4.0 1.0 -3.0181938796500694 -2.7858787736932844 0.1
1.0 4.0 1.5 -0.5486304578116261 -0.7570879232607783 0.1
1.0 4.0 2.0 0.5799979647996025 -4.426888021573474 0.1
1.0 4.0 2.5 0.27912909925340124 4.768643304270139 0.1
1.0 4.0 3.0 -4.762073388590053 1.2273922333400558 0.1
1.0 4.0 3.5 -3.289045480777022 3.2148803789775684 0.1
1.0 4.0 4.0 -1.643198414240099 3.8788377456156535 0.1
1.0 4.0 4.5 2.8641917393668734 3.0890366744794093 0.1
1.0 4.0 5.0 -2.4026545443199265 2.7797157633276237 0.1
1.0 4.0 5.5 -0.6841326435536352 -1.916701376072465 0.1
1.0 4.0 6.0 2.39686641094504 -0.892200421391979 0.1
1.0 4.0 6.5 -2.839627214707403 0.18130984733864075 0.1
1.0 4.0 7.0 -2.343439347511578 2.0016577977354437 0.1
1.0 4.0 7.5 -3.570694348025053 -2.094716383034092 0.1
1.0 4.0 8.0 -3.329118212000516 4.705396127584253 0.1
1.0 4.0 8.5 -3.795911194490432 -4.174325015383699 0.1
1.0 4.0 9.0 -1.2209803358130267 -4.866539093401604 0.1
1.0 4.0 9.5 4.1914546563806425 2.598122609025342 0.1
1.0 4.5 0.0 2.1892317592253647 2.0899390467338366 0.1
1.0 4.5 0.5 -4.466176644941128 -0.002553753702860817 0.1
1.0 4.5 1.0 3.959975948673735 4.3631204189617225 0.1
1.0 4.5 1.5 4.191062759721811 4.686069730838328 0.1
1.0 4.5 2.0 -2.782503753137261 4.964911703825907 0.1
1.0 4.5 2.5 -4.642925695198009 -2.215693061720695 0.1
1.0 4.5 3.0 0.3477139074502382 -3.1039726060780137 0.1
1.0 4.5 3.5 4.0640904459286205 4.702539471685011 0.1
1.0 4.5 4.0 4.120981747073607 -0.008299997636964207 0.1
1.0 4.5 4.5 3.379535512341155 -0.8496189298748682 0.1
1.0 4.5 5.0 0.49146198617283865 0.6389918567684418 0.1
1.0 4.5 5.5 -4.58525141348736 0.7555083667790328 0.1
1.0 4.5 6.0 1.1585916024598308 -2.544390157473276 0.1
1.0 4.5 6.5 -0.2581820036380833 -4.69508277262925 0.1
1.0 4.5 7.0 4.886299992840913 -3.6185425822071284 0.1
1.0 4.5 7.5 -3.2457636796179123 0.26393460456237694 0.1
1.0 4.5 8.0 0.04635072856960054 -1.9420161527748148 0.1
1.0 4.5 8.5 -1.9909679443232409 -4.0665988061855005 0.1
1.0 4.5 9.0 2.885377911888831 -1.1432779951324812 0.1
1.0 4.5 9.5 1.6524916350177152 4.373015286211048 0.1
1.0 5.0 0.0 2.6108953857632686 4.467228377679259 0.1
1.0 5.0 0.5 -1.341464579775896 4.048906047853155 0.1
1.0 5.0 1.0 1.549755632086054 1.5659751568069264 0.1
1.0 5.0 1.5 4.79826675843594 -1.9439157314057445 0.1
1.0 5.0 2.0 2.353241754306059 -1.2384358645907145 0.1
1.0 5.0 2.5 4.011164181435747 -2.2785055453475875 0.1
1.0 5.0 3.0 4.506177811774213 2.7479656400378527 0.1
1.0 5.0 3.5 1.162842296758039 1.4109715895876418 0.1
1.0 5.0 4.0 -0.7568549783544078 -0.6036864642728412 0.1
1.0 5.0 4.5 -3.94874267382584 0.4434859760399661 0.1
1.0 5.0 5.0 -4.6169039439396595 2.377110953180132 0.1
1.0 5.0 5.5 -4.037309933856347 0.15863165381411903 0.1
1.0 5.0 6.0 -1.4356377817989108 3.828536584974467 0.1
1.0 5.0 6.5 1.0807869277868907 4.388400767146354 0.1
1.0 5.0 7.0 2.8952500217918553 2.5728624075568627 0.1
1.0 5.0 7.5 -4.383600328505489 -4.148145155280611 0.1
1.0 5.0 8.0 -2.8688701599300703 -4.5681725219645575 0.1
1.0 5.0 8.5 -2.347090785677924 3.321391662118053 0.1
1.0 5.0 9.0 -2.8528800025384395 -3.696863024292232 0.1
1.0 5.0 9.5 2.391180941354996 -1.1981254160669108 0.1
1.0 5.5 0.0 2.6961715066351974 -4.165914936024027 0.1
1.0 5.5 0.5 -3.269755083332204 4.41897937068925 0.1
1.0 5.5 1.0 -0.7744331793008206 1.7646292233950591 0.1
1.0 5.5 1.5 -2.0657481675083944 -0.7693172098109038 0.1
1.0 5.5 2.0 4.870544381799904 -3.6889306781684383 0.1
1.0 5.5 2.5 -4.4867949147652455 0.7559012233148596 0.1
1.0 5.5 3.0 -1.3480348015074703 2.3228159327859874 0.1
1.0 5.5 3.5 3.384428458432115 4.656864939192056 0.1
1.0 5.5 4.0 -1.6243588285465593 4.3685567708780795 0.1
1.0 5.5 4.5 -1.1163275084214375 -1.2831133779707238 0.1
1.0 5.5 5.0 -4.235850801478648 4.394464571633021 0.1
1.0 5.5 5.5 -3.740772623012847 4.022769390337222 0.1
1.0 5.5 6.0 1.9476554573204785 4.145907031914026 0.1
1.0 5.5 6.5 4.909352493901121 -2.908828651633021 0.1
1.0 5.5 7.0 -1.4015208195034825 -1.844538580114512 0.1
1.0 5.5 7.5 -3.1872070087611695 1.570821511118428 0.1
1.0 5.5 8.0 -1.2851721496498705 1.773852197289397 0.1
1.0 5.5 8.5 3.3541048984376847 -2.892434102833753 0.1
1.0 5.5 9.0 -3.6576581421639354 -1.5432335892656814 0.1
1.0 5.5 9.5 -0.9400383853704799 -4.023204895537125 0.1
1.0 6.0 0.0 -3.6322190526870224 -0.680676315098502 0.1
1.0 6.0 0.5 -1.3604293788366775 -4.832116047378216 0.1
1.0 6.0 1.0 3.9274005816804216 -4.168687043784702 0.1
1.0 6.0 1.5 4.16177840739666 2.7478556186352945 0.1
1.0 6.0 2.0 -2.0567412888813195 3.4501263712476717 0.1
1.0 6.0 2.5 1.2034032662150125 2.536552359389443 0.1
1.0 6.0 3.0 4.833901651619593 -0.025338770017222956 0.1
1.0 6.0 3.5 -3.6322264059139417 0.393186080328233 0.1
1.0 6.0 4.0 -3.4584188357518464 -2.547724948715736 0.1
1.0 6.0 4.5 3.6994212881082458 -1.255794051605974 0.1
1.0 6.0 5.0 1.676354862721765 0.5822201226412442 0.1
1.0 6.0 5.5 4.210316181046341 3.3750079209010515 0.1
1.0 6.0 6.0 -0.20187154880887181 -2.267196607289139 0.1
1.0 6.0 6.5 0.9849907796385882 -2.0369125474437757 0.1
1.0 6.0 7.0 -3.35910136190975 2.9258474598337356 0.1
1.0 6.0 7.5 2.1463552344215397 -2.6521897559124277 0.1
1.0 6.0 8.0 2.429163296637941 -1.5591399400999295 0.1
1.0 6.0 8.5 -4.659047757132937 0.11206026793227153 0.1
1.0 6.0 9.0 -3.6553395685481647 -1.9473568230661034 0.1
1.0 6.0 9.5 0.3418603065276935 4.69359918359433 0.1
1.0 6.5 0.0 -2.3276898378527164 0.339902696632544 0.1
1.0 6.5 0.5 0.8694029497017564 0.9490475154540059 0.1
1.0 6.5 1.0 -1.8125706199797973 -0.011251159663241417 0.1
1.0 6.5 1.5 2.794275019938178 0.8609815694616341 0.1
1.0 6.5 2.0 0.9419972223123523 2.5638036232936265 0.1
1.0 6.5 2.5 3.5146511552009088 -2.0912882102203545 0.1
1.0 6.5 3.0 -2.2340514606238115 4.830962025213127 0.1
1.0 6.5 3.5 -3.5117033362376193 4.515892390940994 0.1
1.0 6.5 4.0 1.5201783455600069 -1.610321391756405 0.1
1.0 6.5 4.5 -4.3473519668371345 0.9431848036120503 0.1
1.0 6.5 5.0 -0.5788569899436924 -0.8910171114695933 0.1
1.0 6.5 5.5 -3.219708137365335 -2.9882192036982156 0.1
1.0 6.5 6.0 0.6026451494131297 -1.339747654499547 0.1
1.0 6.5 6.5 -3.3057840931918783 0.12366332565151339 0.1
1.0 6.5 7.0 4.488595385410646 -2.6988987763127015 0.1
1.0 6.5 7.5 -3.293335623352066 -0.812932082883222 0.1
1.0 6.5 8.0 -3.4787565903756623 -1.0114283740817962 0.1
1.0 6.5 8.5 3.6473822949033163 4.260680098999224 0.1
1.0 6.5 9.0 4.3225793914976975 0.8861400689665171 0.1
1.0 6.5 9.5 0.4114835281267979 -4.002314628519215 0.1
1.0 7.0 0.0 0.46230307344737565 -0.6221181543436476 0.1
1.0 7.0 0.5 -1.9158666457565698 -2.6991346813854156 0.1
1.0 7.0 1.0 -2.3360329026150115 3.8144652737400406 0.1
1.0 7.0 1.5 3.3886895369920786 1.99251153350811 0.1
1.0 7.0 2.0 -1.4984001927611477 -2.6105268547422398 0.1
1.0 7.0 2.5 -1.5431029415940944 1.7580089192644488 0.1
1.0 7.0 3.0 4.422319896070771 1.7808762750671931 0.1
1.0 7.0 3.5 4.734185676221962 3.1395140510340216 0.1
1.0 7.0 4.0 -1.723845875093033 -1.5086822909107211 0.1
1.0 7.0 4.5 -0.7899266555225832 0.9362378369571287 0.1
1.0 7.0 5.0 0.4424764737272966 -4.817812436874142 0.1
1.0 7.0 5.5 -0.896869078541668 3.01041398523245 0.1
1.0 7.0 6.0 1.1131863999289395 -0.2796986852873564 0.1
1.0 7.0 6.5 0.6319171718244698 4.20311931486313 0.1
1.0 7.0 7.0 0.32595117123060113 -1.8576824962725667 0.1
1.0 7.0 7.5 -1.4322551310912548 3.831682661778281 0.1
1.0 7.0 8.0 2.9365359681221452 -4.7091316477399445 0.1
1.0 7.0 8.5 -4.107906114723054 2.070504938256102 0.1
1.0 7.0 9.0 -2.122547099060774 -1.5123086113473438 0.1
1.0 7.0 9.5 -2.929061329901633 -4.59031600043673 0.1
1.0 7.5 0.0 -0.22914072887058445 -4.717109369554891 0.1
1.0 7.5 0.5 4.21021319932477 0.34092341473789123 0.1
1.0 7.5 1.0 -3.753159220598307 -3.9442227552959883 0.1
1.0 7.5 1.5 2.671083087070098 -2.5622259228538247 0.1
1.0 7.5 2.0 -3.836080952400396 1.0415701740809835 0.1
1.0 7.5 2.5 1.6006593330516914 -4.922658074818164 0.1
1.0 7.5 3.0 2.336824180263517 -0.7804371631662157 0.1
1.0 7.5 3.5 -4.726773402976646 3.1931728636145476 0.1
1.0 7.5 4.0 -2.6527236817257838 3.4221938548229556 0.1
1.0 7.5 4.5 3.1390260710979483 2.6540996658156013 0.1
1.0 7.5 5.0 2.546725379710332 2.010786510284839 0.1
1.0 7.5 5.5 0.042076065599996326 -4.86858228662963 0.1
1.0 7.5 6.0 -1.544301412428477 2.512545813176197 0.1
1.0 7.5 6.5 3.195471225637746 1.6468345244648077 0.1
1.0 7.5 7.0 -0.5773887678807554 -3.275262316822074 0.1
1.0 7.5 7.5 -0.8079459646049925 -4.61378741705849 0.1
1.0 7.5 8.0 -3.374404215638458 -0.034204113985039974 0.1
1.0 7.5 8.5 2.580303521494292 -4.1807911789412735 0.1
1.0 7.5 9.0 1.2841119737491606 -0.6105649103715374 0.1
1.0 7.5 9.5 -2.650258203860859 -3.317514524942373 0.1
1.0 8.0 0.0 4.292798333098771 -2.4233263515613865 0.1
1.0 8.0 0.5 4.04711108946605 -0.03574904240003374 0.1
1.0 8.0 1.0 -0.6017646942242614 -2.018000744621161 0.1
1.0 8.0 1.5 -1.8159763012585897 1.6704659074241093 0.1
1.0 8.0 2.0 4.509986419314476 -1.7662597507596836 0.1
1.0 8.0 2.5 0.09874913484115933 2.858122856507145 0.1
1.0 8.0 3.0 -0.22950875320148434 -4.224971874406953 0.1
1.0 8.0 3.5 2.499244338330299 1.1885964760546166 0.1
1.0 8.0 4.0 1.6040872993269994 -2.1194276573203954 0.1
1.0 8.0 4.5 -0.45850470437856927 4.084126679771197 0.1
1.0 8.0 5.0 -0.8763620822173825 4.695790464154566 0.1
1.0 8.0 5.5 0.48668952362735407 4.463088298939034 0.1
1.0 8.0 6.0 2.9939494946544887 -0.38133141779887936 0.1
1.0 8.0 6.5 1.7326855635670233 3.9847648056536524 0.1
1.0 8.0 7.0 -2.865636920989668 -3.9189487659735143 0.1
1.0 8.0 7.5 3.3297077986926666 -3.248063429424203 0.1
1.0 8.0 8.0 0.4886084113085154 3.5848942453894637 0.1
1.0 8.0 8.5 -0.03285498046964097 -1.5003390325679367 0.1
1.0 8.0 9.0 -0.5017877474427692 -1.2896639470715732 0.1
1.0 8.0 9.5 1.8577781444636878 2.4412041505002327 0.1
1.0 8.5 0.0 1.8864549811678106 -1.2637277048659756 0.1
1.0 8.5 0.5 -2.052273669303857 3.1471622678680014 0.1
1.0 8.5 1.0 -1.1069245068467026 -3.499547564337883 0.1
1.0 8.5 1.5 2.444844425922975 4.101390086890138 0.1
1.0 8.5 2.0 -3.80437954999973 -4.825064373270082 0.1
1.0 8.5 2.5 -4.214735475751018 2.9074263231182993 0.1
1.0 8.5 3.0 3.411548334809492 0.7440790151594889 0.1
1.0 8.5 3.5 2.8472222868221317 0.5116930100370087 0.1
1.0 8.5 4.0 -1.704110867150134 -1.8539439670479565 0.1
1.0 8.5 4.5 4.473265380928035 -2.7351865267176345 0.1
1.0 8.5 5.0 4.53247487825092 4.27523277948718 0.1
1.0 8.5 5.5 3.1763945129433626 -0.8400175030319934 0.1
1.0 8.5 6.0 1.362451888827624 -2.6584451234321937 0.1
1.0 8.5 6.5 0.2826361865075979 2.1673907719978622 0.1
1.0 8.5 7.0 -0.7980097398294417 -2.555570087276182 0.1
1.0 8.5 7.5 -0.29799295216896304 1.226290800698707 0.1
1.0 8.5 8.0 -2.128186150343223 -2.3575843038086717 0.1
1.0 8.5 8.5 3.0217744710295307 3.1613650845743617 0.1
1.0 8.5 9.0 3.0943700968156698 -1.7136480094224726 0.1
1.0 8.5 9.5 1.6803777331669636 -0.4423618800924807 0.1
1.0 9.0 0.0 2.5101668443313327 -0.06759350834052036 0.1
1.0 9.0 0.5 4.607324591413503 -3.541747620393717 0.1
1.0 9.0 1.0 4.623005111496344 1.762827232701369 0.1
1.0 9.0 1.5 3.903829287169506 2.6420023869014697 0.1
1.0 9.0 2.0 2.8045405757787742 3.116026177885505 0.1
1.0 9.0 2.5 -3.109084075374171 -2.807397146765261 0.1
1.0 9.0 3.0 1.7718075699528129 -4.536054657397514 0.1
1.0 9.0 3.5 0.16616015781217897 0.0892480162629985 0.1
1.0 9.0 4.0 -4.202954996457114 0.9734866041550667 0.1
1.0 9.0 4.5 0.1871954327592915 -3.3719139347268645 0.1
1.0 9.0 5.0 -3.682633831450939 1.6501107942252746 0.1
1.0 9.0 5.5 -4.6604327770665535 -2.3731745883887223 0.1
1.0 9.0 6.0 1.582515231662633 -0.014456042731771035 0.1
1.0 9.0 6.5 -3.5515336444520185 2.56975550284875 0.1
1.0 9.0 7.0 2.512160246060321 -1.9821459353201476 0.1
1.0 9.0 7.5 -3.7416705708207987 2.118051575048395 0.1
1.0 9.0 8.0 -2.9701273776382364 -3.239009278025209 0.1
1.0 9.0 8.5 3.5312460151869463 -0.25969736326619586 0.1
1.0 9.0 9.0 -0.2008536867625379 2.0722081308877147 0.1
1.0 9.0 9.5 4.104566416355448 -0.38921064632901725 0.1
1.0 9.5 0.0 -4.4924848516413975 -3.8003789514689847 0.1
1.0 9.5 0.5 -0.49994543651350565 -0.6218900232539495 0.1
1.0 9.5 1.0 1.6280284414681407 -3.5115331761105715 0.1
1.0 9.5 1.5 3.49138650904489 1.924330973851819 0.1
1.0 9.5 2.0 0.9330466065913878 4.023483606551572 0.1
1.0 9.5 2.5 -1.5862519712400203 -0.18507824043990517 0.1
1.0 9.5 3.0 4.943526175269961 -4.653866970861481 0.1
1.0 9.5 3.5 -4.061266422789203 -0.2176948886944352 0.1
1.0 9.5 4.0 -3.0323392390933424 -0.1907687267881073 0.1
1.0 9.5 4.5 1.5397089080852275 2.2909390185946235 0.1
1.0 9.5 5.0 -2.5840473724774036 3.6178748911482987 0.1
1.0 9.5 5.5 -2.0627530758755865 2.9994160533695746 0.1
1.0 9.5 6.0 4.675490856069896 -0.8456169984265625 0.1
1.0 9.5 6.5 0.441203117484255 -1.234844640363193 0.1
1.0 9.5 7.0 1.9844132184244998 4.796296297182291 0.1
1.0 9.5 7.5 -3.704553241922671 0.7298275704971964 0.1
1.0 9.5 8.0 4.468236919861463 -3.88969032422132 0.1
1.0 9.5 8.5 0.8832212395272112 0.9787432466070731 0.1
1.0 9.5 9.0 0.7829403247843105 4.041339574837544 0.1
1.0 9.5 9.5 -4.034443350499721 -2.7149949547164542 0.1
