1.0 0.0 0.0 4.3490231253933 -2.3381161594340814 1.0
1.0 0.0 5.0 2.8953009551769116 4.870026034609435 1.0
1.0 0.0 10.0 -2.560511489193579 -3.3994545477159965 1.0
1.0 0.0 15.0 1.6527283102293922 3.1013910526333426 1.0
1.0 0.0 20.0 -2.4602603839185755 -0.07971933139589549 1.0
1.0 0.0 25.0 -3.8372264307101576 1.1303217081597534 1.0
1.0 0.0 30.0 2.029115952935209 3.101155488350356 1.0
1.0 0.0 35.0 -4.019037744516364 -0.7240468018501165 1.0
1.0 5.0 0.0 -1.6290496211328853 3.415519522086921 1.0
1.0 5.0 5.0 1.766851733880495 0.23762443723950089 1.0
1.0 5.0 10.0 1.6255843972228643 1.4863184225966632 1.0
1.0 5.0 15.0 2.5617778979143395 3.6674730470837478 1.0
1.0 5.0 20.0 4.79279003887785 3.2194472435622092 1.0
1.0 5.0 25.0 -0.1151878581059318 1.2692016095341927 1.0
1.0 5.0 30.0 1.3991905212723985 4.653173629218456 1.0
1.0 5.0 35.0 -4.178696034823519 2.1388968311875303 1.0
1.0 10.0 0.0 3.1544685457909676 -4.8710103955357456 1.0
1.0 10.0 5.0 -2.282160415563128 4.206359075325935 1.0
1.0 10.0 10.0 -4.5291411342417565 -3.8879218151422643 1.0
1.0 10.0 15.0 -0.9005972889481226 -2.159518620887937 1.0
1.0 10.0 20.0 0.17361962399055209 3.97590740017875 1.0
1.0 10.0 25.0 4.9889697500899395 1.9497937112594226 1.0
1.0 10.0 30.0 -2.174112429344185 -4.88570456472368 1.0
1.0 10.0 35.0 -0.06326448607589086 1.2393660967589053 1.0
1.0 15.0 0.0 1.7495183600346689 0.8556182420899621 1.0
1.0 15.0 5.0 -1.2443938611537386 -4.322158596546074 1.0
1.0 15.0 10.0 2.044219275555033 -2.1723452799934204 1.0
1.0 15.0 15.0 3.2115601859292138 -0.3165501813088589 1.0
1.0 15.0 20.0 0.6904860252636507 -3.342099657668313 1.0
1.0 15.0 25.0 2.731924727467245 -0.9445677898581817 1.0
1.0 15.0 30.0 -1.8324446994850243 -1.807000089567942 1.0
1.0 15.0 35.0 3.571570369948761 -1.7426215020432503 1.0
1.0 20.0 0.0 -2.074209566133274 1.782286428577807 1.0
1.0 20.0 5.0 -1.18352083376275 -0.6984331145469636 1.0
1.0 20.0 10.0 -2.4763790206314384 4.594233725167378 1.0
1.0 20.0 15.0 1.1060948894453935 -3.8115368500232814 1.0
1.0 20.0 20.0 4.272355687406796 4.420964010088198 1.0
1.0 20.0 25.0 1.0203187283015014 -4.376873549979749 1.0
1.0 20.0 30.0 -1.1721011536758619 0.974776446765401 1.0
1.0 20.0 35.0 -3.296037265558299 -4.439666205665299 1.0
1.0 25.0 0.0 2.3265951940560665 2.291993038072256 1.0
1.0 25.0 5.0 4.490931270025598 -1.9771736176791057 1.0
1.0 25.0 10.0 1.38313881437157 3.5332450350455797 1.0
1.0 25.0 15.0 -3.957649121909755 1.5921476925333256 1.0
1.0 25.0 20.0 0.5516784607810843 -4.794348108326437 1.0
1.0 25.0 25.0 4.827323200044498 1.9891301711688838 1.0
1.0 25.0 30.0 3.696959885671337 -3.3688289624459635 1.0
1.0 25.0 35.0 3.6519266421058667 -3.7588396177312324 1.0
1.0 30.0 0.0 4.130544876177623 -1.6532716794266 1.0
1.0 30.0 5.0 -4.618449123892457 -2.924068059372966 1.0
1.0 30.0 10.0 -1.662146051955471 4.045564857071245 1.0
1.0 30.0 15.0 1.0035947274565622 -0.6135255464725686 1.0
1.0 30.0 20.0 -0.3450228571376366 -1.3444372262562485 1.0
1.0 30.0 25.0 2.7420146078235783 -0.12017673971795784 1.0
1.0 30.0 30.0 -3.650092535659024 4.199143510079139 1.0
1.0 30.0 35.0 -4.937834379526969 4.351775982666663 1.0
1.0 35.0 0.0 3.2210475026159653 -0.8093397761931298 1.0
1.0 35.0 5.0 3.093826182639841 4.422754373693648 1.0
1.0 35.0 10.0 -2.9534502538417695 0.5010295106093228 1.0
1.0 35.0 15.0 -3.7477468189067897 -2.97512501460636 1.0
1.0 35.0 20.0 4.001247550539368 -1.1443172405905653 1.0
1.0 35.0 25.0 4.651566532082475 -4.55209511654592 1.0
1.0 35.0 30.0 1.5036425011015533 0.4307383859132772 1.0
1.0 35.0 35.0 -2.718282845173585 0.3318585382056902 1.0
