1.0 0.0 0.0 0.6553853934363563 -0.4852453949774729 0.1
1.0 0.0 0.5 -0.9978885347050817 2.5293055565035942 0.1
1.0 0.0 1.0 3.019874077115194 -3.268870565073673 0.1
1.0 0.0 1.5 -1.956723650486365 1.5288301896546495 0.1
1.0 0.0 2.0 -0.5796704420969085 -0.643295290122091 0.1
1.0 0.0 2.5 3.6843201585491396 -1.7861965254716128 0.1
1.0 0.0 3.0 3.8808034535551545 4.799071847674577 0.1
1.0 0.0 3.5 -1.8631816168121906 0.3577945224651984 0.1
1.0 0.0 4.0 3.542708203026674 1.8064202961674694 0.1
1.0 0.0 4.5 1.599551536864289 -2.6020263742107663 0.1
1.0 0.0 5.0 4.025379025668606 -4.259979167549723 0.1
1.0 0.0 5.5 -2.199481857245628 -0.7259065367778117 0.1
1.0 0.0 6.0 -0.31272802541352807 4.043441332604203 0.1
1.0 0.0 6.5 3.8336577037039383 0.6700467811780042 0.1
1.0 0.0 7.0 1.748310089541941 1.6683243903485394 0.1
1.0 0.0 7.5 4.228332905702835 -4.440576138581587 0.1
1.0 0.0 8.0 -3.420411188676362 2.5153776058523514 0.1
1.0 0.0 8.5 -4.4334259720312605 1.5365815553602333 0.1
1.0 0.0 9.0 2.37485939987356 -1.6894360245430775 0.1
1.0 0.0 9.5 -4.097459677432211 2.0573048055363516 0.1
1.0 0.0 10.0 4.888906327164973 0.7602988065862482 0.1
1.0 0.0 10.5 2.740609093342311 -2.5817758321221507 0.1
1.0 0.0 11.0 1.9611469738723555 -3.6842031285174235 0.1
1.0 0.0 11.5 4.392950383731007 2.071731013211502 0.1
1.0 0.0 12.0 2.1384750245714876 -4.574465770121599 0.1
1.0 0.0 12.5 2.1644063746301034 -3.2967923892059225 0.1
1.0 0.0 13.0 4.869576704205782 -0.23388122470883843 0.1
1.0 0.0 13.5 -4.9980585154509525 -1.6100294745171198 0.1
1.0 0.0 14.0 -1.5363446644008452 1.6156985160235564 0.1
1.0 0.0 14.5 3.997884255714606 1.1164024114695223 0.1
1.0 0.5 0.0 -2.710303720763968 -0.7296469516872506 0.1
1.0 0.5 0.5 1.450635715718028 1.937322190601618 0.1
1.0 0.5 1.0 1.5381114079446414 1.2027516995196912 0.1
1.0 0.5 1.5 -1.9365279321374906 -4.838267740607362 0.1
1.0 0.5 2.0 1.2748054163841243 -0.4763147960366805 0.1
1.0 0.5 2.5 2.3015222845525587 -1.9283579473778367 0.1
1.0 0.5 3.0 1.4884088956164456 0.2309073846094858 0.1
1.0 0.5 3.5 -2.0710475862083024 -3.104234133910282 0.1
1.0 0.5 4.0 -3.63537686962213 3.7160503586357656 0.1
1.0 0.5 4.5 -0.6871539432643035 1.0254530126599528 0.1
1.0 0.5 5.0 -0.8826687800958499 4.04920469117801 0.1
1.0 0.5 5.5 -0.7927796218178695 -3.2097018964797766 0.1
1.0 0.5 6.0 -1.6356729694332373 -0.3279111383522304 0.1
1.0 0.5 6.5 0.420069006629773 -0.4965479810593587 0.1
1.0 0.5 7.0 3.2562203099095317 1.3045505623470008 0.1
1.0 0.5 7.5 1.018278309194546 3.941733503616083 0.1
1.0 0.5 8.0 -2.6497227682951308 -4.89451807048023 0.1
1.0 0.5 8.5 2.539720746141133 -1.0567785205732392 0.1
1.0 0.5 9.0 -4.433339017822005 0.42805068526465817 0.1
1.0 0.5 9.5 2.0587696936294764 1.3850822586443625 0.1
1.0 0.5 10.0 -0.5272625001442188 1.8704794452323457 0.1
1.0 0.5 10.5 1.890949422001479 -1.5530343648479827 0.1
1.0 0.5 11.0 3.6118175763972893 4.747438075122952 0.1
1.0 0.5 11.5 -4.775627029041102 4.770386051882907 0.1
1.0 0.5 12.0 -0.37409415470833896 1.5934325674001073 0.1
1.0 0.5 12.5 2.030083563523429 2.8920755333110293 0.1
1.0 0.5 13.0 -4.482264028268301 4.858413029047204 0.1
1.0 0.5 13.5 -2.7696373913409067 1.1593799094805926 0.1
1.0 0.5 14.0 4.555566960523006 -2.4328569135059985 0.1
1.0 0.5 14.5 2.293522056651679 3.2283432637289398 0.1
1.0 1.0 0.0 2.0449256357289327 -0.6122944884533235 0.1
1.0 1.0 0.5 2.1756531431764436 -2.7997922244791704 0.1
1.0 1.0 1.0 -1.5253203160933317 0.2908444827291028 0.1
1.0 1.0 1.5 1.844257983489931 0.4696309604038422 0.1
1.0 1.0 2.0 4.3905298384789155 -2.219323714125845 0.1
1.0 1.0 2.5 0.49563507357665326 -1.5619981990438991 0.1
1.0 1.0 3.0 -4.24278878358352 -3.4613761339650315 0.1
1.0 1.0 3.5 -2.982643144113699 1.3878142631709611 0.1
1.0 1.0 4.0 -1.4585981122886382 1.2462639041755441 0.1
1.0 1.0 4.5 -2.7508816132850598 4.019138652589575 0.1
1.0 1.0 5.0 -2.2194686534701513 4.339098337115335 0.1
1.0 1.0 5.5 2.1596940136818734 -3.5831964194868227 0.1
1.0 1.0 6.0 -0.501604556994466 0.4920945413297275 0.1
1.0 1.0 6.5 -3.8153043442842858 3.546983950358669 0.1
1.0 1.0 7.0 3.486677293227551 -1.2508387169922686 0.1
1.0 1.0 7.5 -3.3407304444632846 2.7744660523164866 0.1
1.0 1.0 8.0 1.1921838590726184 1.3825648400977117 0.1
1.0 1.0 8.5 -1.4681646503013113 -4.653059253200128 0.1
1.0 1.0 9.0 -4.267193927155382 -4.195394931901789 0.1
1.0 1.0 9.5 3.3594092237225617 -1.689747924864382 0.1
1.0 1.0 10.0 0.4109198200337829 2.152711250708478 0.1
1.0 1.0 10.5 -2.037980542791683 -2.10139079185811 0.1
1.0 1.0 11.0 -1.9988598431078652 4.530438688739839 0.1
1.0 1.0 11.5 -3.9468331459183736 4.08634355182134 0.1
1.0 1.0 12.0 -4.439950455897893 -1.6893228499123825 0.1
1.0 1.0 12.5 -4.334761331013308 -1.3071238323786738 0.1
1.0 1.0 13.0 -1.4612743637321834 -0.6062899438202143 0.1
1.0 1.0 13.5 -3.74676043074444 -3.7998647468388946 0.1
1.0 1.0 14.0 3.5745903618998405 3.861592639466499 0.1
1.0 1.0 14.5 1.987153932634599 -2.7282583640378713 0.1
1.0 1.5 0.0 1.4973117137132625 -1.9183561981543642 0.1
1.0 1.5 0.5 1.9327063344950641 -0.14413853850447111 0.1
1.0 1.5 1.0 0.8041897476152933 -0.014324302125164223 0.1
1.0 1.5 1.5 3.5722426166898433 1.7086981828981607 0.1
1.0 1.5 2.0 -2.8563364871274457 1.9879114967589686 0.1
1.0 1.5 2.5 3.431906195054747 1.193180401549454 0.1
1.0 1.5 3.0 -3.80872695839113 4.803372495980831 0.1
1.0 1.5 3.5 -2.5417642130124363 0.2874742234878962 0.1
1.0 1.5 4.0 -4.289376045149959 -0.7101577265996264 0.1
1.0 1.5 4.5 4.2267661439314725 4.880530044050452 0.1
1.0 1.5 5.0 -2.437405707111923 0.3603430890901729 0.1
1.0 1.5 5.5 -3.932835390685768 2.636953919350912 0.1
1.0 1.5 6.0 1.959233635883951 2.9993894751952404 0.1
1.0 1.5 6.5 -3.246108711833661 -2.018934671318169 0.1
1.0 1.5 7.0 4.354504985147425 -4.534889035679697 0.1
1.0 1.5 7.5 -0.46167724625090933 -2.9199126637216133 0.1
1.0 1.5 8.0 0.022223339446595602 -1.1293357723290622 0.1
1.0 1.5 8.5 -4.012269384770227 3.0989924035998335 0.1
1.0 1.5 9.0 2.592248592787911 -4.487816072640039 0.1
1.0 1.5 9.5 4.348463038222141 3.454600364597626 0.1
1.0 1.5 10.0 0.599191469149031 0.5468485017166866 0.1
1.0 1.5 10.5 -4.034870685923661 -3.6858894013856656 0.1
1.0 1.5 11.0 0.4435978912803833 2.923463984266517 0.1
1.0 1.5 11.5 -0.33546414276533376 3.1633212474924868 0.1
1.0 1.5 12.0 -4.926222466011896 1.8293022137812107 0.1
1.0 1.5 12.5 -3.0474158438615753 -2.0876259215218074 0.1
1.0 1.5 13.0 -4.832855467090582 4.340751841065984 0.1
1.0 1.5 13.5 -4.625714378385322 0.7119322550842266 0.1
1.0 1.5 14.0 3.6231465800169396 -1.548327611414705 0.1
1.0 1.5 14.5 3.4515080479679945 -3.579712306819278 0.1
1.0 2.0 0.0 4.7755547575239525 3.202167029369482 0.1
1.0 2.0 0.5 -1.7599846370435426 3.4919610397946865 0.1
1.0 2.0 1.0 -3.109905119587072 4.241822728980495 0.1
1.0 2.0 1.5 -4.26317772754765 -1.04905318897797 0.1
1.0 2.0 2.0 0.2341032080228853 -1.1647121348392888 0.1
1.0 2.0 2.5 -4.879167773156299 -0.9331761384191868 0.1
1.0 2.0 3.0 3.288089766367513 -0.9456090520211822 0.1
1.0 2.0 3.5 0.124184989004684 3.369537066974006 0.1
1.0 2.0 4.0 -3.4852015033155013 -4.3001699117001415 0.1
1.0 2.0 4.5 4.708688851382831 1.7187326108592131 0.1
1.0 2.0 5.0 -3.490442587455278 -1.6432104001185754 0.1
1.0 2.0 5.5 -4.338828992117538 0.2861026945176306 0.1
1.0 2.0 6.0 3.3264104804111323 -1.0873273632705702 0.1
1.0 2.0 6.5 1.723528214245368 2.5142802764013608 0.1
1.0 2.0 7.0 0.3077301929340308 -3.1485391797307596 0.1
1.0 2.0 7.5 -2.562286281285564 -4.616600701043429 0.1
1.0 2.0 8.0 -1.1592856933917073 4.688045454119708 0.1
1.0 2.0 8.5 0.012851489600102184 -0.3534871627895777 0.1
1.0 2.0 9.0 0.12236496215291126 1.0171997432080193 0.1
1.0 2.0 9.5 -0.7888782703022805 -4.912358247946495 0.1
1.0 2.0 10.0 2.2352634974495924 -3.174309458345854 0.1
1.0 2.0 10.5 3.501012102291387 -1.6886947196016369 0.1
1.0 2.0 11.0 3.619647230785933 -2.0476432180866655 0.1
1.0 2.0 11.5 0.5409843012953663 1.0899594152046275 0.1
1.0 2.0 12.0 3.37300244038094 2.8798086940008183 0.1
1.0 2.0 12.5 -3.5664405305479843 1.8758512886962384 0.1
1.0 2.0 13.0 4.716591770251874 0.40273197660613747 0.1
1.0 2.0 13.5 -3.870723582737644 1.7263727237600746 0.1
1.0 2.0 14.0 0.4390328622953765 -3.858393964103347 0.1
1.0 2.0 14.5 -3.138065947714901 -1.402921735353969 0.1
1.0 2.5 0.0 -1.8397469488361953 0.3569765876933362 0.1
1.0 2.5 0.5 -2.4390241368030896 0.7241028181650631 0.1
1.0 2.5 1.0 -1.1451540781693659 2.068250638722202 0.1
1.0 2.5 1.5 -0.18616480345338537 0.6478044621701287 0.1
1.0 2.5 2.0 4.232057317272327 -3.9076917910359263 0.1
1.0 2.5 2.5 0.1405071042527295 -3.677974502185344 0.1
1.0 2.5 3.0 -2.7096664713546126 0.29105340799948287 0.1
1.0 2.5 3.5 -0.9054316236479485 4.708445198701032 0.1
1.0 2.5 4.0 -4.35243082258376 0.05335927280196362 0.1
1.0 2.5 4.5 0.01932112845942857 -3.7269156129533734 0.1
1.0 2.5 5.0 -0.906111040495686 -4.164315808257112 0.1
1.0 2.5 5.5 -0.8353139072243296 -4.1179160500080965 0.1
1.0 2.5 6.0 1.2220071252740317 -2.5530335112973566 0.1
1.0 2.5 6.5 -0.6900732821609772 -3.263525187317271 0.1
1.0 2.5 7.0 -0.03908850238496964 -4.312762177863644 0.1
1.0 2.5 7.5 1.0392374610218358 -0.8092780681927394 0.1
1.0 2.5 8.0 3.3718146853586397 -2.064285841943061 0.1
1.0 2.5 8.5 -0.6183159726007297 -4.432590368241639 0.1
1.0 2.5 9.0 -4.8389722272497515 -0.6670394810738465 0.1
1.0 2.5 9.5 -1.3460658933797651 -4.5894858524951685 0.1
1.0 2.5 10.0 -0.9773916249228662 -4.686952674354901 0.1
1.0 2.5 10.5 -4.96632712054632 3.012280520507705 0.1
1.0 2.5 11.0 2.144340132755632 4.415449653368903 0.1
1.0 2.5 11.5 4.643548969046366 0.5038096035271868 0.1
1.0 2.5 12.0 -4.006193724428638 2.5427627189133855 0.1
1.0 2.5 12.5 4.739949708087039 -4.68297113102926 0.1
1.0 2.5 13.0 -3.1529835623897338 1.1291408028971182 0.1
1.0 2.5 13.5 -3.0221407159964198 0.4058052364360787 0.1
1.0 2.5 14.0 -0.5697433124722808 2.045692466902981 0.1
1.0 2.5 14.5 4.662503996594342 -0.7434647525649378 0.1
1.0 3.0 0.0 4.5165322771924625 1.4928915935689968 0.1
1.0 3.0 0.5 0.400444605821038 -4.576375824543435 0.1
1.0 3.0 1.0 -4.648826578613163 3.616393988826367 0.1
1.0 3.0 1.5 -3.3727728258635103 -1.9071568462991673 0.1
1.0 3.0 2.0 -1.6231185804718864 2.1314785701446777 0.1
1.0 3.0 2.5 -0.8843443139420151 1.0056376444244028 0.1
1.0 3.0 3.0 0.8866957825310715 4.852655456225666 0.1
1.0 3.0 3.5 2.758207869178703 1.9700280190385389 0.1
1.0 3.0 4.0 1.9540610948317951 1.69881681437319 0.1
1.0 3.0 4.5 -0.3309375379344601 4.13883479411029 0.1
1.0 3.0 5.0 3.2723819615489695 1.4806322303648596 0.1
1.0 3.0 5.5 1.9656635802285667 -1.7464763199449784 0.1
1.0 3.0 6.0 3.3821518709255187 -3.4242845034057856 0.1
1.0 3.0 6.5 -4.533301165758484 -2.8679410507494216 0.1
1.0 3.0 7.0 2.1719493453004013 -2.54157460757607 0.1
1.0 3.0 7.5 -4.017176817019694 -0.1782802469709548 0.1
1.0 3.0 8.0 2.5102965646769633 0.9749819869653251 0.1
1.0 3.0 8.5 -3.121589078892443 3.042919404135434 0.1
1.0 3.0 9.0 2.398574705712492 -2.7590845415331646 0.1
1.0 3.0 9.5 -4.852927653961036 1.8176421924376696 0.1
1.0 3.0 10.0 4.130900254722112 0.08668853098271789 0.1
1.0 3.0 10.5 3.3706266944615475 -0.49380684673528563 0.1
1.0 3.0 11.0 -3.3949337825918735 -4.911336932696364 0.1
1.0 3.0 11.5 -3.3793267804069638 -0.13147034932916934 0.1
1.0 3.0 12.0 3.149353083399234 -2.6035898332016574 0.1
1.0 3.0 12.5 -3.386144304608715 0.22152874566060454 0.1
1.0 3.0 13.0 0.013220782637787032 -1.196310788321977 0.1
1.0 3.0 13.5 0.2463727788892207 -4.71888379297814 0.1
1.0 3.0 14.0 0.015597540630164275 -0.1907487582372518 0.1
1.0 3.0 14.5 -3.9897672154052777 -4.141737001437226 0.1
1.0 3.5 0.0 1.7526770499945643 -2.2250507404078315 0.1
1.0 3.5 0.5 -0.2667887386163468 -4.779563266264164 0.1
1.0 3.5 1.0 -2.7621514513074574 -3.2875317628789413 0.1
1.0 3.5 1.5 0.5864191726468899 -1.3648340371552337 0.1
1.0 3.5 2.0 -0.12042038296010915 -2.283689867549492 0.1
1.0 3.5 2.5 -0.6321572302567251 -1.6200362464300353 0.1
1.0 3.5 3.0 0.29877813134673303 1.609505885762359 0.1
1.0 3.5 3.5 3.6971713308975396 -2.6670760926980863 0.1
1.0 3.5 4.0 -0.3546360162440525 -3.0201538465669486 0.1
1.0 3.5 4.5 -1.053319253829569 -0.849109060939214 0.1
1.0 3.5 5.0 -1.2055206807453542 -2.541744292439756 0.1
1.0 3.5 5.5 -0.5151078537732667 1.9971759376668672 0.1
1.0 3.5 6.0 -2.91402337063479 1.8272639013553258 0.1
1.0 3.5 6.5 2.1241829979275515 -4.201626476437273 0.1
1.0 3.5 7.0 -3.8834797444097156 -0.653650001602931 0.1
1.0 3.5 7.5 2.540475590894652 0.08991155881147872 0.1
1.0 3.5 8.0 2.5018426851595246 0.5422704658384605 0.1
1.0 3.5 8.5 -4.127415267295953 0.6525398056773115 0.1
1.0 3.5 9.0 -1.5025967717149538 0.6363065813915565 0.1
1.0 3.5 9.5 4.710758153125759 -1.6529505101431141 0.1
1.0 3.5 10.0 0.8988920741062856 -1.2333050824941472 0.1
1.0 3.5 10.5 1.2483956993126295 2.8220858797826933 0.1
1.0 3.5 11.0 -3.260263312918814 1.2133326625565317 0.1
1.0 3.5 11.5 -4.502111476818973 -2.899999057168791 0.1
1.0 3.5 12.0 -1.0390419945155651 0.9431795496983284 0.1
1.0 3.5 12.5 -1.8390288410441502 -3.561735131443587 0.1
1.0 3.5 13.0 -3.550561228367446 -1.0313966770761542 0.1
1.0 3.5 13.5 4.995930047157035 -3.6809612078162033 0.1
1.0 3.5 14.0 0.6238611540094405 -4.752751604255767 0.1
1.0 3.5 14.5 -0.6615269939325046 -0.06291400604932473 0.1
1.0 4.0 0.0 -4.906721006784282 -1.8491736578754612 0.1
1.0 4.0 0.5 0.8100057296321452 -4.8637216955129725 0.1
1.0 4.0 1.0 -4.178510686119351 1.8915699508053931 0.1
1.0 4.0 1.5 1.1865278582432257 4.387532154809843 0.1
1.0 4.0 2.0 -3.298925266354573 0.7189040425839082 0.1
1.0 4.0 2.5 2.9033002228927334 -0.893914136254387 0.1
1.0 4.0 3.0 -0.5258121311330735 -2.8147750449033317 0.1
1.0 4.0 3.5 1.7349007439450386 1.3736114220952675 0.1
1.0 4.0 4.0 -2.467146102176704 -0.6714911587914676 0.1
1.0 4.0 4.5 2.817230893539665 1.960726353533401 0.1
1.0 4.0 5.0 0.2897715394162521 -1.769210761539938 0.1
1.0 4.0 5.5 -1.6325081219537774 3.4380546216800134 0.1
1.0 4.0 6.0 -1.468706545526267 3.0853804410101056 0.1
1.0 4.0 6.5 -3.789899160413909 1.1190627256511867 0.1
1.0 4.0 7.0 1.4474710342716213 -4.357951034903752 0.1
1.0 4.0 7.5 0.5309726952097975 2.5954698708244397 0.1
1.0 4.0 8.0 2.8797525775707573 -0.30184036409042125 0.1
1.0 4.0 8.5 0.15954408620158045 -1.2938801678641374 0.1
1.0 4.0 9.0 -2.2648732187875344 4.1651576078822075 0.1
1.0 4.0 9.5 -4.882629357176171 4.922767951928742 0.1
1.0 4.0 10.0 -0.5137947198676471 0.1635710570090243 0.1
1.0 4.0 10.5 -0.8259203669902213 2.3413249327273054 0.1
1.0 4.0 11.0 -3.7900576041715106 3.5860469991888504 0.1
1.0 4.0 11.5 4.715918083922787 1.7346711033069395 0.1
1.0 4.0 12.0 -4.286608076561742 4.616766778836684 0.1
1.0 4.0 12.5 -3.640917579573766 2.4532365820943047 0.1
1.0 4.0 13.0 -0.04689090563038967 4.806906332481466 0.1
1.0 4.0 13.5 1.4294753333589538 0.3521170989216511 0.1
1.0 4.0 14.0 -4.824502898948955 0.4796440824280781 0.1
1.0 4.0 14.5 -1.3175136766783302 -4.621422636336004 0.1
1.0 4.5 0.0 -3.011382937659782 -1.5254590599237448 0.1
1.0 4.5 0.5 1.4508417620427494 -0.028629324716477278 0.1
1.0 4.5 1.0 -1.078331115146157 -3.4600519728500565 0.1
1.0 4.5 1.5 -2.214467768613689 4.003378374559967 0.1
1.0 4.5 2.0 -1.0634386659030817 -3.95657594921649 0.1
1.0 4.5 2.5 -1.905732548792428 0.6416569341694522 0.1
1.0 4.5 3.0 0.8266920733851499 -0.9060252641669084 0.1
1.0 4.5 3.5 0.2838710345683504 0.20405249311545415 0.1
1.0 4.5 4.0 -3.5287417303762147 -4.343747615764773 0.1
1.0 4.5 4.5 3.4774764257915827 -4.140873977351351 0.1
1.0 4.5 5.0 0.5091261828531746 -1.21431626455905 0.1
1.0 4.5 5.5 4.004336286595699 -4.15379425092291 0.1
1.0 4.5 6.0 1.1544851756332983 -2.2751800967851765 0.1
1.0 4.5 6.5 1.5495170036301058 1.7849649856693919 0.1
1.0 4.5 7.0 -0.40277746525632185 -0.7249652637007431 0.1
1.0 4.5 7.5 -0.8973022194356117 1.5990009222391866 0.1
1.0 4.5 8.0 -4.285848218907811 -2.405979493719089 0.1
1.0 4.5 8.5 -2.3402524671638014 -1.4045339818102818 0.1
1.0 4.5 9.0 -0.33706785102077674 1.3683614389446177 0.1
1.0 4.5 9.5 -4.49229000996106 -4.677114851684348 0.1
1.0 4.5 10.0 -2.661277403674501 -4.828205198433321 0.1
1.0 4.5 10.5 2.363274320661823 1.9718664905642447 0.1
1.0 4.5 11.0 2.6443157418057766 -1.256407389283254 0.1
1.0 4.5 11.5 0.6367669821770896 4.2884946892139855 0.1
1.0 4.5 12.0 1.0576949169903402 3.907830477448135 0.1
1.0 4.5 12.5 -0.3418490052073855 -4.7622284612077115 0.1
1.0 4.5 13.0 -2.9233283648161157 3.903135032808896 0.1
1.0 4.5 13.5 3.8284739565280503 -2.015451726010553 0.1
1.0 4.5 14.0 2.778451725590111 4.003829697329223 0.1
1.0 4.5 14.5 2.349653641677085 -4.8480283123869246 0.1
1.0 5.0 0.0 -4.047309432819603 -4.512770620534836 0.1
1.0 5.0 0.5 -3.562546501978133 0.7725428381961308 0.1
1.0 5.0 1.0 4.0497976045818955 -2.7618422718971694 0.1
1.0 5.0 1.5 -0.263057025499962 -3.135530647208787 0.1
1.0 5.0 2.0 4.531950900457957 0.5805940025681746 0.1
1.0 5.0 2.5 -0.9633054628693651 -3.853936261534762 0.1
1.0 5.0 3.0 3.1224925179052505 3.2876825787512214 0.1
1.0 5.0 3.5 -4.682571603058356 -3.9564741289856165 0.1
1.0 5.0 4.0 -1.0799311937063116 -1.854835371432173 0.1
1.0 5.0 4.5 -0.3272439292511251 -3.147479784710734 0.1
1.0 5.0 5.0 -0.6229049232419781 -0.07037887475639071 0.1
1.0 5.0 5.5 4.704142160593946 -1.3184604490148533 0.1
1.0 5.0 6.0 -1.262187027583408 2.211747399686173 0.1
1.0 5.0 6.5 -0.3808577950584944 -2.364877870349873 0.1
1.0 5.0 7.0 0.689427389732522 2.0062003806073267 0.1
1.0 5.0 7.5 -3.5485589101205806 1.5875724290990814 0.1
1.0 5.0 8.0 -0.2995024074688013 -4.036605169028964 0.1
1.0 5.0 8.5 -4.426842183608098 -0.14709266914041663 0.1
1.0 5.0 9.0 -4.196025322240324 -3.4650491980594222 0.1
1.0 5.0 9.5 0.9843448919072282 -0.9256674274933001 0.1
1.0 5.0 10.0 4.4279672836363275 0.34331816632576206 0.1
1.0 5.0 10.5 -0.2584425551092444 -0.26336737348802153 0.1
1.0 5.0 11.0 -3.714467426461674 3.8474414108303705 0.1
1.0 5.0 11.5 -4.673175870730727 3.847428048329405 0.1
1.0 5.0 12.0 2.3054840382220085 3.3201468226747473 0.1
1.0 5.0 12.5 1.7603018545988336 4.538343895899541 0.1
1.0 5.0 13.0 -4.880586427736259 -2.860731670968625 0.1
1.0 5.0 13.5 3.8243527591703206 2.6047026055765787 0.1
1.0 5.0 14.0 1.7158311240521087 -1.5566480928349522 0.1
1.0 5.0 14.5 -1.106267582267233 3.332432580843193 0.1
1.0 5.5 0.0 1.5305242867338542 -4.685887012125603 0.1
1.0 5.5 0.5 -2.4439668240063073 -0.6465307369600843 0.1
1.0 5.5 1.0 0.4629441131215364 3.8216403987443854 0.1
1.0 5.5 1.5 3.4584776839011404 1.725995361887831 0.1
1.0 5.5 2.0 4.0916299655362405 -3.495321739501013 0.1
1.0 5.5 2.5 -2.36838798654189 1.9534493910204587 0.1
1.0 5.5 3.0 2.707383728978149 -4.842862946478348 0.1
1.0 5.5 3.5 -1.0825965936728652 2.236308947680773 0.1
1.0 5.5 4.0 -3.3088864684481543 2.153318402849809 0.1
1.0 5.5 4.5 0.06869352588003341 -0.10676614730652645 0.1
1.0 5.5 5.0 3.2339616625736927 -1.031834829895606 0.1
1.0 5.5 5.5 -1.4110799843440769 4.593229856442422 0.1
1.0 5.5 6.0 4.430545822995851 4.035173362211296 0.1
1.0 5.5 6.5 2.4454669420519757 3.8080761026466465 0.1
1.0 5.5 7.0 2.3718323322003982 4.6334373883607025 0.1
1.0 5.5 7.5 3.416957396972796 2.724334023074241 0.1
1.0 5.5 8.0 -0.9776226510302362 -0.8933804605758953 0.1
1.0 5.5 8.5 -4.9757411419179345 -0.2531674582020029 0.1
1.0 5.5 9.0 -2.6126374427586088 -3.609529138450335 0.1
1.0 5.5 9.5 -2.2530782197059382 -2.319390536425635 0.1
1.0 5.5 10.0 -4.241936005085835 -0.43814789158793754 0.1
1.0 5.5 10.5 1.5412235609324512 3.6958578655606473 0.1
1.0 5.5 11.0 -1.3299079532142457 -1.0789619502264114 0.1
1.0 5.5 11.5 4.552948548964412 -1.7394889066411068 0.1
1.0 5.5 12.0 -3.3830589122444676 -2.01959147952849 0.1
1.0 5.5 12.5 -2.6425172784691497 4.367674653268528 0.1
1.0 5.5 13.0 1.5320982374583378 2.656467251178741 0.1
1.0 5.5 13.5 4.0617573570667425 3.590193985897228 0.1
1.0 5.5 14.0 -3.4138445005782456 -0.05155222458889419 0.1
1.0 5.5 14.5 -4.832971831243293 4.762222328026986 0.1
1.0 6.0 0.0 -3.0589239281648695 -2.56439714774087 0.1
1.0 6.0 0.5 2.2184304383296674 4.417734689800138 0.1
1.0 6.0 1.0 2.761971763141661 -0.9634043914653603 0.1
1.0 6.0 1.5 0.956701194833026 -4.491494892468624 0.1
1.0 6.0 2.0 -2.992554567769533 -4.351759915757705 0.1
1.0 6.0 2.5 -2.0605806199483667 2.3791554751586173 0.1
1.0 6.0 3.0 -1.697239385395477 1.5171712931420034 0.1
1.0 6.0 3.5 -4.586443186486888 -4.505555254430137 0.1
1.0 6.0 4.0 3.545801068057788 -1.5031544664896392 0.1
1.0 6.0 4.5 0.5980977427540015 -1.0059377551407191 0.1
1.0 6.0 5.0 -4.196013546064555 0.7036062820466586 0.1
1.0 6.0 5.5 -1.5250693315757746 -2.2072444759148357 0.1
1.0 6.0 6.0 0.5310145278005987 1.5093764794017739 0.1
1.0 6.0 6.5 1.6881690459129146 -1.3512920730636555 0.1
1.0 6.0 7.0 -2.83449718888512 3.294866289965448 0.1
1.0 6.0 7.5 -2.783482614513577 1.3906528834468652 0.1
1.0 6.0 8.0 3.769302710277911 -2.063988426054334 0.1
1.0 6.0 8.5 -2.8897567463485787 2.3242984166794383 0.1
1.0 6.0 9.0 -0.4785288067888924 2.607693224260979 0.1
1.0 6.0 9.5 -0.2262251369810695 1.7312054767110698 0.1
1.0 6.0 10.0 3.6045738128395115 1.1626046702755888 0.1
1.0 6.0 10.5 -0.9731032803345228 1.3283465515637713 0.1
1.0 6.0 11.0 -0.6967864863590325 -3.9205247868688717 0.1
1.0 6.0 11.5 0.49196515609745717 -4.4258528235804135 0.1
1.0 6.0 12.0 -1.0196346343188392 -0.22632531319642357 0.1
1.0 6.0 12.5 -1.2684759686004843 2.7868927523438556 0.1
1.0 6.0 13.0 -0.9946868907013107 -3.075440574907593 0.1
1.0 6.0 13.5 4.0001472683386865 -1.8160414038019743 0.1
1.0 6.0 14.0 3.677683863316359 1.3977450275348087 0.1
1.0 6.0 14.5 4.476297234285882 1.1554019111965914 0.1
1.0 6.5 0.0 3.725272385099718 2.326820324694249 0.1
1.0 6.5 0.5 -1.5955696529930496 3.353031451955353 0.1
1.0 6.5 1.0 -1.9509376039716875 3.9678435829587073 0.1
1.0 6.5 1.5 0.7045437817902229 2.506148529238245 0.1
1.0 6.5 2.0 -2.9529542574361245 3.0512942585148704 0.1
1.0 6.5 2.5 0.2958043082528885 -0.732270130201603 0.1
1.0 6.5 3.0 2.069145121786489 -4.470024583713594 0.1
1.0 6.5 3.5 -2.36714391562606 0.8499054212481303 0.1
1.0 6.5 4.0 -1.6612443915326578 1.857695326055758 0.1
1.0 6.5 4.5 -3.232142941068669 -4.2748430264250885 0.1
1.0 6.5 5.0 -1.9778877752634125 -3.7676164446870253 0.1
1.0 6.5 5.5 2.6282451207028643 -1.7502552138261018 0.1
1.0 6.5 6.0 -3.965094771701214 0.5986223119983238 0.1
1.0 6.5 6.5 2.13969169102373 0.70844570203605 0.1
1.0 6.5 7.0 3.6462593416489 -1.3715933580868978 0.1
1.0 6.5 7.5 -2.674350729420245 2.984767482791886 0.1
1.0 6.5 8.0 3.9734016284845968 -1.6147291851240642 0.1
1.0 6.5 8.5 -0.42064323607992193 -3.171621462252655 0.1
1.0 6.5 9.0 -0.9439575052693119 4.9257486359311535 0.1
1.0 6.5 9.5 -3.0688850692509195 2.521570873719333 0.1
1.0 6.5 10.0 0.35770069848498753 -4.296536149602266 0.1
1.0 6.5 10.5 0.32310267805662374 0.6391565133494073 0.1
1.0 6.5 11.0 3.2619010965772546 2.314972231200776 0.1
1.0 6.5 11.5 0.65595448511624 0.5512683204371243 0.1
1.0 6.5 12.0 1.414385785069169 1.8628103706116743 0.1
1.0 6.5 12.5 -4.314226842655006 0.3361232948844801 0.1
1.0 6.5 13.0 -1.3918288167455906 0.010027380658844898 0.1
1.0 6.5 13.5 4.727202884395487 -0.15012625274211455 0.1
1.0 6.5 14.0 4.316495698679084 -4.338191372072316 0.1
1.0 6.5 14.5 -0.4423501642219865 -0.1567380489247192 0.1
1.0 7.0 0.0 3.949403601955371 4.133629941050199 0.1
1.0 7.0 0.5 1.9196759480370797 -4.780138697839921 0.1
1.0 7.0 1.0 -3.5570908716526404 1.6517016645200187 0.1
1.0 7.0 1.5 1.5830582950956078 -0.2017273330361702 0.1
1.0 7.0 2.0 -0.1146037455132145 -0.9196998794455657 0.1
1.0 7.0 2.5 4.054951866965354 3.2707167361725435 0.1
1.0 7.0 3.0 0.5441038237705254 -3.1180976223296577 0.1
1.0 7.0 3.5 3.7160487060186576 -1.5569518087671428 0.1
1.0 7.0 4.0 1.8752562406139814 -3.510124185663023 0.1
1.0 7.0 4.5 -3.5874191173766015 -1.7037117804498414 0.1
1.0 7.0 5.0 -2.115401043386483 -4.490202248749422 0.1
1.0 7.0 5.5 -4.651535290153546 -2.0726445008650973 0.1
1.0 7.0 6.0 -0.44919892297406694 -4.535689414138464 0.1
1.0 7.0 6.5 -4.501159178940074 -3.9932476031387654 0.1
1.0 7.0 7.0 3.9323947728155417 1.1577447120181015 0.1
1.0 7.0 7.5 4.705713320396562 4.033538597706524 0.1
1.0 7.0 8.0 3.0496152084791 0.16057145347196133 0.1
1.0 7.0 8.5 4.118348747466211 -0.6269923539417954 0.1
1.0 7.0 9.0 3.665722194804273 -0.5999275091654948 0.1
1.0 7.0 9.5 -3.294454018690139 -0.16994509599951169 0.1
1.0 7.0 10.0 -0.3119295346600204 3.3924475066793054 0.1
1.0 7.0 10.5 0.19384083196328739 3.341306096821306 0.1
1.0 7.0 11.0 -3.932585675279917 -4.737099703303976 0.1
1.0 7.0 11.5 -0.024834131620420585 -3.7383444218408366 0.1
1.0 7.0 12.0 -3.2053739864667454 -2.62591794702949 0.1
1.0 7.0 12.5 -1.720565955191483 -2.3240635522473596 0.1
1.0 7.0 13.0 -0.12278786497175975 3.1195873443552493 0.1
1.0 7.0 13.5 -1.7780274594974488 -4.815973362095457 0.1
1.0 7.0 14.0 -0.9762809411813791 -4.761959264815163 0.1
1.0 7.0 14.5 -4.787317557626029 -0.3122264664471688 0.1
1.0 7.5 0.0 -4.827682733803721 -1.1353772231765333 0.1
1.0 7.5 0.5 3.653256868243142 2.8506965424023614 0.1
1.0 7.5 1.0 0.9705584986418767 -0.5392710091732766 0.1
1.0 7.5 1.5 3.850739054362558 1.1065018388802912 0.1
1.0 7.5 2.0 -2.153494515586871 -3.2512281470189497 0.1
1.0 7.5 2.5 2.6401589082299894 4.360031020883429 0.1
1.0 7.5 3.0 -1.592866098929541 -4.172030569283985 0.1
1.0 7.5 3.5 1.3359369531781624 -4.145669525352761 0.1
1.0 7.5 4.0 -3.4418894847223926 -4.241709960595451 0.1
1.0 7.5 4.5 -3.678800061257509 2.070120312439019 0.1
1.0 7.5 5.0 3.9597546117622393 4.073553923954595 0.1
1.0 7.5 5.5 0.8361019315260743 -2.020991919948807 0.1
1.0 7.5 6.0 4.217194116112815 2.921015043644365 0.1
1.0 7.5 6.5 1.3407037833987578 3.4893763886237608 0.1
1.0 7.5 7.0 -4.451572431318386 -1.1764186608606373 0.1
1.0 7.5 7.5 -1.7950908974387323 1.50395375048575 0.1
1.0 7.5 8.0 -1.417788418706618 3.422153568962324 0.1
1.0 7.5 8.5 -1.5825830753315584 -3.3493511729442274 0.1
1.0 7.5 9.0 -1.591610405912781 -3.020605239774877 0.1
1.0 7.5 9.5 -2.492404523868237 -3.5466864277835297 0.1
1.0 7.5 10.0 -0.9635116802752659 -0.08742918389375198 0.1
1.0 7.5 10.5 -1.06135783840688 3.4766754920371596 0.1
1.0 7.5 11.0 4.014105202196891 0.17192741333380912 0.1
1.0 7.5 11.5 1.8573425390681813 -2.190243445714298 0.1
1.0 7.5 12.0 -0.8851823325632342 -4.107601009409826 0.1
1.0 7.5 12.5 2.2751973250944086 4.144678105994927 0.1
1.0 7.5 13.0 1.7260433823741996 3.4202755187561245 0.1
1.0 7.5 13.5 -1.492361118590042 -3.337176959694962 0.1
1.0 7.5 14.0 -3.1495073312953394 0.5527750017257365 0.1
1.0 7.5 14.5 -0.9874889514623248 -2.042085528077111 0.1
1.0 8.0 0.0 1.480543576678346 3.627305292785284 0.1
1.0 8.0 0.5 -0.3540616878703515 -4.694364409196863 0.1
1.0 8.0 1.0 -2.486912721428507 4.9585199610888395 0.1
1.0 8.0 1.5 -2.2068305833885193 -1.2679957893470428 0.1
1.0 8.0 2.0 -1.656913229686693 4.045107917786394 0.1
1.0 8.0 2.5 2.8339225376703014 0.5377893675953116 0.1
1.0 8.0 3.0 -4.192705867750131 1.9545752115212984 0.1
1.0 8.0 3.5 -4.033774584315145 -4.796165963810656 0.1
1.0 8.0 4.0 2.2452816903006267 3.3431185713320524 0.1
1.0 8.0 4.5 -2.4603150355555736 1.9322294031394183 0.1
1.0 8.0 5.0 -2.8968636540659687 4.679003843567127 0.1
1.0 8.0 5.5 -3.2614165559194266 -0.5291387044208236 0.1
1.0 8.0 6.0 -1.27412117283792 0.41170521167484786 0.1
1.0 8.0 6.5 -3.292855822931103 4.323930519745742 0.1
1.0 8.0 7.0 -0.2321365997738809 1.0653733990185534 0.1
1.0 8.0 7.5 -1.9762298651256902 -1.0313763408017351 0.1
1.0 8.0 8.0 -1.0038740742789063 -1.4659532878397652 0.1
1.0 8.0 8.5 4.8080020888623825 -3.721808471563649 0.1
1.0 8.0 9.0 3.1698437278305818 4.217330283093428 0.1
1.0 8.0 9.5 0.6834081455003682 -0.005729515824181242 0.1
1.0 8.0 10.0 0.14977713826850536 -4.940891350446327 0.1
1.0 8.0 10.5 -3.6784414798706946 -1.203643433404812 0.1
1.0 8.0 11.0 -1.5752324415066346 1.038179722273945 0.1
1.0 8.0 11.5 -3.643299782033831 3.2839270895981265 0.1
1.0 8.0 12.0 -1.1619337175481093 -4.791471484224123 0.1
1.0 8.0 12.5 1.0876951891001667 1.016774533652109 0.1
1.0 8.0 13.0 1.4544715252527585 3.9982824598805706 0.1
1.0 8.0 13.5 -2.4267600595612326 4.65170336839569 0.1
1.0 8.0 14.0 4.229960643964999 1.1502275242109654 0.1
1.0 8.0 14.5 -4.521660544558095 2.1688114955989057 0.1
1.0 8.5 0.0 0.4286970203565801 3.423081206847254 0.1
1.0 8.5 0.5 -4.655541921372514 -3.8018377786152504 0.1
1.0 8.5 1.0 -1.4219955002022147 -0.028443615761184482 0.1
1.0 8.5 1.5 0.8327244519926493 1.5377267940631008 0.1
1.0 8.5 2.0 2.1600974556971178 0.18457064747502727 0.1
1.0 8.5 2.5 1.9290229193827413 -3.9039430713123 0.1
1.0 8.5 3.0 -3.7899349976724728 -3.315209796500347 0.1
1.0 8.5 3.5 3.1017536349545267 0.6982257190808037 0.1
1.0 8.5 4.0 4.522802914345595 1.1790203668455579 0.1
1.0 8.5 4.5 -1.032501049919059 -2.5388480245721246 0.1
1.0 8.5 5.0 4.267296380039802 0.8977851814543945 0.1
1.0 8.5 5.5 0.14678512160017032 4.774502088997593 0.1
1.0 8.5 6.0 4.46485891265951 2.47376770342143 0.1
1.0 8.5 6.5 3.681583880837483 -0.6840593062458602 0.1
1.0 8.5 7.0 1.0086299542592396 -1.7173918440705451 0.1
1.0 8.5 7.5 -4.361852205465642 1.9845820320168208 0.1
1.0 8.5 8.0 3.6848482810852605 -2.4941119691304223 0.1
1.0 8.5 8.5 -1.6667681651093966 -4.845931796879542 0.1
1.0 8.5 9.0 0.0021063002078536286 0.4749524857734011 0.1
1.0 8.5 9.5 0.9987004437470359 3.2267819402952718 0.1
1.0 8.5 10.0 -3.4569892775389697 0.2155585040591399 0.1
1.0 8.5 10.5 0.6389775732974945 -2.8867221462467163 0.1
1.0 8.5 11.0 1.023360404532113 -0.46284695505230644 0.1
1.0 8.5 11.5 -0.6622519138324314 -4.033905948226088 0.1
1.0 8.5 12.0 -2.722828187342825 -4.503072383852411 0.1
1.0 8.5 12.5 -4.665227962022962 -3.7353122074131906 0.1
1.0 8.5 13.0 0.9815724968320865 -4.382388647512691 0.1
1.0 8.5 13.5 -2.179373191537728 -0.8216901260711076 0.1
1.0 8.5 14.0 -3.9062057112744575 1.8493001197012386 0.1
1.0 8.5 14.5 -0.413354505149119 2.0262165271511403 0.1
1.0 9.0 0.0 0.6931977170137804 -1.0605545237013683 0.1
1.0 9.0 0.5 -2.580728801720756 -1.3903033817359711 0.1
1.0 9.0 1.0 -3.795536536099239 3.6114536075717325 0.1
1.0 9.0 1.5 -2.557494344609219 -3.79203805397493 0.1
1.0 9.0 2.0 -4.176213523565816 -0.248824488287001 0.1
1.0 9.0 2.5 1.4890732509909812 4.110037530282206 0.1
1.0 9.0 3.0 -3.6218800128460216 2.661896082957192 0.1
1.0 9.0 3.5 1.0203877288761891 -0.30264412491180437 0.1
1.0 9.0 4.0 2.8182069610265517 2.372257261106503 0.1
1.0 9.0 4.5 -2.8826499791115623 3.2968488250653305 0.1
1.0 9.0 5.0 -3.920647542805672 1.9678798457941413 0.1
1.0 9.0 5.5 -1.3715328635687318 2.291897212573706 0.1
1.0 9.0 6.0 3.139584987136729 1.966277821230876 0.1
1.0 9.0 6.5 -4.311269978535906 -1.691414322177811 0.1
1.0 9.0 7.0 2.763061394985061 -4.134018155527237 0.1
1.0 9.0 7.5 2.512145804175045 -1.3127167365349903 0.1
1.0 9.0 8.0 1.637272285729038 -4.825375264009382 0.1
1.0 9.0 8.5 1.6127690127209835 4.904650352062886 0.1
1.0 9.0 9.0 3.3958087983031895 4.457063212318376 0.1
1.0 9.0 9.5 1.4235292485589834 -3.871250903734124 0.1
1.0 9.0 10.0 -2.635846417184889 -1.7565597393572308 0.1
1.0 9.0 10.5 0.6591130032548529 -4.329985010735 0.1
1.0 9.0 11.0 4.774163217787612 1.998423278732325 0.1
1.0 9.0 11.5 -4.29140006769813 1.7334247824266535 0.1
1.0 9.0 12.0 -2.33639041326551 -1.2233239540609997 0.1
1.0 9.0 12.5 1.8455145601922514 1.58226953498695 0.1
1.0 9.0 13.0 -0.2896435593502744 1.6759566766158347 0.1
1.0 9.0 13.5 -4.892593884346947 -0.008470792352827772 0.1
1.0 9.0 14.0 -1.1535565065744424 -0.2519431175399962 0.1
1.0 9.0 14.5 -0.6759805648321429 -1.3010887258985937 0.1
1.0 9.5 0.0 -1.3444398431303792 1.6391284634409784 0.1
1.0 9.5 0.5 1.962575928224858 3.4542069625776186 0.1
1.0 9.5 1.0 -0.7219122522134267 -3.0952299197394586 0.1
1.0 9.5 1.5 3.2106357834057153 -0.777316157598956 0.1
1.0 9.5 2.0 -1.168901082430799 -0.31842151470447 0.1
1.0 9.5 2.5 -4.968532980065681 2.11582364937672 0.1
1.0 9.5 3.0 3.1964000878757197 3.1956893475925607 0.1
1.0 9.5 3.5 0.8037950119664892 -1.2972180362679575 0.1
1.0 9.5 4.0 -4.56209082400431 -3.5498297262051093 0.1
1.0 9.5 4.5 1.5972684453349997 -0.5014674063463591 0.1
1.0 9.5 5.0 -3.919636103583616 -3.643051522773979 0.1
1.0 9.5 5.5 2.136920483033088 3.629732834645676 0.1
1.0 9.5 6.0 2.01455796409204 -0.43470898867793206 0.1
1.0 9.5 6.5 -1.9256353816616043 -4.053075948578009 0.1
1.0 9.5 7.0 4.89000449405976 -1.7123248802548332 0.1
1.0 9.5 7.5 -3.6895850290580756 -3.8182344371539703 0.1
1.0 9.5 8.0 -0.4858658011626549 3.5352232934127343 0.1
1.0 9.5 8.5 1.803273446751545 2.1405687830052713 0.1
1.0 9.5 9.0 -1.002167847959896 -2.651300867223968 0.1
1.0 9.5 9.5 -2.451620104917469 -4.619515575698458 0.1
1.0 9.5 10.0 -3.8296758403229667 2.8473927650547513 0.1
1.0 9.5 10.5 -0.7695253323877704 -1.667728222612086 0.1
1.0 9.5 11.0 0.13212815254048937 -2.7829530968900285 0.1
1.0 9.5 11.5 2.4253773018785685 -3.586346007462838 0.1
1.0 9.5 12.0 2.7229839077084925 -1.8806886088562793 0.1
1.0 9.5 12.5 -1.8315652441986927 -2.680154608751951 0.1
1.0 9.5 13.0 2.1523828117592148 -1.570966626035788 0.1
1.0 9.5 13.5 2.208549629629725 2.382913022561908 0.1
1.0 9.5 14.0 0.0735210075058168 -2.30797635838642 0.1
1.0 9.5 14.5 4.331148524732924 1.6592144824164787 0.1
1.0 10.0 0.0 3.977199186291532 1.2447666761170968 0.1
1.0 10.0 0.5 -3.2395922921130937 -4.765773292429457 0.1
1.0 10.0 1.0 -1.0596001131288055 -0.4511300874400259 0.1
1.0 10.0 1.5 4.8405025250034335 -1.8733308650084792 0.1
1.0 10.0 2.0 1.4849757736594 0.9668749344906153 0.1
1.0 10.0 2.5 -1.0523992414584948 -4.871109608921964 0.1
1.0 10.0 3.0 3.5850796936237934 0.9423819889618539 0.1
1.0 10.0 3.5 3.898778199131373 4.938074203092924 0.1
1.0 10.0 4.0 -3.292319637017994 -0.6537296275646494 0.1
1.0 10.0 4.5 1.0009789248069563 0.012898003410026782 0.1
1.0 10.0 5.0 4.178700400323972 -4.387881760697741 0.1
1.0 10.0 5.5 -1.677395407864867 -0.2671511882070865 0.1
1.0 10.0 6.0 -4.8619745591067005 -1.7922384481109024 0.1
1.0 10.0 6.5 -3.22773574405826 -0.3575120673210517 0.1
1.0 10.0 7.0 4.879828325723604 0.9762550613272953 0.1
1.0 10.0 7.5 3.1336734351800573 -1.1694701149150366 0.1
1.0 10.0 8.0 4.470362002565084 3.928326263961118 0.1
1.0 10.0 8.5 -3.6673604436950438 0.8236763954193327 0.1
1.0 10.0 9.0 -2.8064262308976162 0.17974592002876655 0.1
1.0 10.0 9.5 -0.0984697981623146 0.7677312748064411 0.1
1.0 10.0 10.0 0.5955988201806548 3.9008592608745154 0.1
1.0 10.0 10.5 1.8585679718555745 3.1235939227384186 0.1
1.0 10.0 11.0 0.6823925968330897 -3.6181403457879524 0.1
1.0 10.0 11.5 3.033752091543743 -0.3766900473275143 0.1
1.0 10.0 12.0 -0.8295347146838115 -1.3837951148728953 0.1
1.0 10.0 12.5 -3.749841540366444 -3.1885640042689434 0.1
1.0 10.0 13.0 -4.4011139580423775 -0.8340881485737057 0.1
1.0 10.0 13.5 1.7088263162801915 -3.860446850982738 0.1
1.0 10.0 14.0 3.581425399115547 -4.50371069165606 0.1
1.0 10.0 14.5 -1.5726142334969961 -2.713159906746263 0.1
1.0 10.5 0.0 4.5109089914948655 -4.546000746014974 0.1
1.0 10.5 0.5 -2.352957896240495 -2.852800683989712 0.1
1.0 10.5 1.0 2.6235588660473175 3.1111625101876346 0.1
1.0 10.5 1.5 1.7494801372013482 2.753502048451935 0.1
1.0 10.5 2.0 2.4893007987447753 -0.19044520434973045 0.1
1.0 10.5 2.5 1.4147059933403998 -3.697897298875392 0.1
1.0 10.5 3.0 3.7147200688794086 -3.087233576566816 0.1
1.0 10.5 3.5 4.502799177770822 4.395843902629746 0.1
1.0 10.5 4.0 -2.0714490930334986 1.51052913388898 0.1
1.0 10.5 4.5 2.45699689269124 1.6413583574322521 0.1
1.0 10.5 5.0 -0.0347121740780203 0.11823617182379742 0.1
1.0 10.5 5.5 3.9024919535156197 0.8165472704431096 0.1
1.0 10.5 6.0 -1.4292891369966676 -1.7239829031612008 0.1
1.0 10.5 6.5 0.5547696518664598 -2.0333046351530037 0.1
1.0 10.5 7.0 1.9238184218075638 -4.124448204610102 0.1
1.0 10.5 7.5 -2.4467280056080396 0.99276090323273 0.1
1.0 10.5 8.0 -0.1971332791341487 -0.9708627804281527 0.1
1.0 10.5 8.5 -1.0993773457632483 4.562954269325976 0.1
1.0 10.5 9.0 -2.6810849636234293 -0.6556488103561087 0.1
1.0 10.5 9.5 -1.1853940657868698 2.5088008603205205 0.1
1.0 10.5 10.0 4.798482892305399 0.5789803301020102 0.1
1.0 10.5 10.5 1.489539149513842 1.2594603139462945 0.1
1.0 10.5 11.0 4.617624498315111 0.824715767374248 0.1
1.0 10.5 11.5 -4.9843627867084095 4.323149963428941 0.1
1.0 10.5 12.0 -1.4270689281397653 -4.395563522688501 0.1
1.0 10.5 12.5 0.019418051828035132 -1.6578959269743834 0.1
1.0 10.5 13.0 -1.2793243942995716 3.5667426241894713 0.1
1.0 10.5 13.5 -0.03484909965203009 -4.1724281106910155 0.1
1.0 10.5 14.0 0.5235152189006751 1.8227148946434681 0.1
1.0 10.5 14.5 -2.0031967424529364 -1.676057968221638 0.1
1.0 11.0 0.0 -0.3851292403352824 2.393715536099405 0.1
1.0 11.0 0.5 4.701896157582551 -3.5438470912702824 0.1
1.0 11.0 1.0 2.5243079377891426 4.725369197462875 0.1
1.0 11.0 1.5 2.2431268332654177 0.08213192642615663 0.1
1.0 11.0 2.0 -2.6970568583241192 1.7716873036857583 0.1
1.0 11.0 2.5 2.9305781416861842 2.6020820820609476 0.1
1.0 11.0 3.0 2.1461066309781893 -1.2353605468056692 0.1
1.0 11.0 3.5 4.496776991297843 -1.6309882635303428 0.1
1.0 11.0 4.0 -1.1688084468249729 4.4582846535621705 0.1
1.0 11.0 4.5 0.08882997872753684 1.0999840371890137 0.1
1.0 11.0 5.0 3.0718264797959645 4.372924290714618 0.1
1.0 11.0 5.5 -1.6936967026202696 4.2051379636042725 0.1
1.0 11.0 6.0 -4.264791648181091 4.363549925309272 0.1
1.0 11.0 6.5 -2.5095200415451213 1.0316143204334232 0.1
1.0 11.0 7.0 -2.722361148740383 0.6981956566840717 0.1
1.0 11.0 7.5 -1.0899275134003048 4.162093355585592 0.1
1.0 11.0 8.0 2.7240074621664947 -0.24436738276979586 0.1
1.0 11.0 8.5 -4.509575488556479 -1.8872660951041018 0.1
1.0 11.0 9.0 -3.9498301240138787 -3.5618321793273857 0.1
1.0 11.0 9.5 -3.7023116991574545 -0.9571211100367929 0.1
1.0 11.0 10.0 0.922871247819149 -4.555859972776971 0.1
1.0 11.0 10.5 2.116420102970342 -1.5810291647471706 0.1
1.0 11.0 11.0 -0.5899287026861275 3.656034205340074 0.1
1.0 11.0 11.5 4.148482986820882 4.967700101482894 0.1
1.0 11.0 12.0 1.4952237443942629 -4.92603807523933 0.1
1.0 11.0 12.5 -3.886893232285127 0.7084849228704204 0.1
1.0 11.0 13.0 -3.9877244200102635 1.9605844630904699 0.1
1.0 11.0 13.5 -0.15759890496330886 2.3729623445584416 0.1
1.0 11.0 14.0 -2.036154908465936 -2.8376166668478 0.1
1.0 11.0 14.5 -4.156423804349005 -0.9007539220432657 0.1
1.0 11.5 0.0 -1.9067519509128306 2.933512767756704 0.1
1.0 11.5 0.5 3.2385786738970346 0.9312855961537352 0.1
1.0 11.5 1.0 -1.9482598977466892 1.0122923859548507 0.1
1.0 11.5 1.5 -2.0062052164513 0.3587394359151137 0.1
1.0 11.5 2.0 -1.464450983914464 -2.8132676495615048 0.1
1.0 11.5 2.5 4.416939914935485 0.9003531669589693 0.1
1.0 11.5 3.0 -1.637028140980119 1.134303818715722 0.1
1.0 11.5 3.5 2.5251964250951398 2.5639104723163895 0.1
1.0 11.5 4.0 -0.3799824548108175 -1.0674931244789931 0.1
1.0 11.5 4.5 3.078115311938909 3.90840559675385 0.1
1.0 11.5 5.0 -2.276226054575802 1.3106015581396502 0.1
1.0 11.5 5.5 2.820758210769224 4.389160655951139 0.1
1.0 11.5 6.0 -4.464110555712663 -4.5507889217061965 0.1
1.0 11.5 6.5 4.7969988450770735 -1.3158077608035201 0.1
1.0 11.5 7.0 -2.4957471266162234 1.9333205973331982 0.1
1.0 11.5 7.5 2.4698665834158104 -3.219791750010279 0.1
1.0 11.5 8.0 3.2191641883714563 1.325534612958819 0.1
1.0 11.5 8.5 1.8252560759443028 -0.26080602740078795 0.1
1.0 11.5 9.0 -0.25900486569732006 -3.2497241339478347 0.1
1.0 11.5 9.5 2.637293900682115 1.271625779286837 0.1
1.0 11.5 10.0 -1.4104713340546713 -0.13405943612847793 0.1
1.0 11.5 10.5 -1.361906562452507 -0.49007187368017924 0.1
1.0 11.5 11.0 -3.619111279501351 -2.3491464092631977 0.1
1.0 11.5 11.5 -3.5384090613944172 1.7058663151667304 0.1
1.0 11.5 12.0 -2.243845383087125 -3.459808548783129 0.1
1.0 11.5 12.5 4.920604255934178 -3.0318502701184693 0.1
1.0 11.5 13.0 -4.533525933141675 -1.3751252840927117 0.1
1.0 11.5 13.5 -0.571787767222153 -1.3884080416290612 0.1
1.0 11.5 14.0 -4.737318994759725 1.859754258470021 0.1
1.0 11.5 14.5 1.1890014149659578 -1.793239751043929 0.1
1.0 12.0 0.0 2.58313448255075 2.5272459562094305 0.1
1.0 12.0 0.5 -2.8373144716789533 -2.0008837010243252 0.1
1.0 12.0 1.0 3.9416924579302943 3.563899324500177 0.1
1.0 12.0 1.5 4.742050487297432 -2.990762904240597 0.1
1.0 12.0 2.0 -1.6115581576765639 -3.218792172834226 0.1
1.0 12.0 2.5 4.5891364981540725 -1.16922613856828 0.1
1.0 12.0 3.0 3.4490076213086223 0.4983027650223937 0.1
1.0 12.0 3.5 -3.8619844472540796 -4.089604400465028 0.1
1.0 12.0 4.0 -4.456034255433977 -3.3470041055257074 0.1
1.0 12.0 4.5 2.8994836515695246 -4.075971015913837 0.1
1.0 12.0 5.0 -2.951910167241185 3.0689673407614944 0.1
1.0 12.0 5.5 -1.1075692924517355 0.7562979912728025 0.1
1.0 12.0 6.0 0.8698631722645365 -2.7692765276772224 0.1
1.0 12.0 6.5 3.2786143690815113 -2.4548647213062855 0.1
1.0 12.0 7.0 -1.285108052751096 -2.3457275943915814 0.1
1.0 12.0 7.5 -2.4079917809087084 4.27111803360124 0.1
1.0 12.0 8.0 1.0425572365602855 -2.2596976169098704 0.1
1.0 12.0 8.5 -1.1691459201613421 -0.5488385279617978 0.1
1.0 12.0 9.0 -4.866551314638282 4.857966287511248 0.1
1.0 12.0 9.5 2.119997745222535 -3.361221989331944 0.1
1.0 12.0 10.0 2.655821070460931 4.3312108284665225 0.1
1.0 12.0 10.5 -1.3469571296762983 -0.3618084285776817 0.1
1.0 12.0 11.0 -0.3474720303570411 3.9859140450611736 0.1
1.0 12.0 11.5 -1.8116917567199433 3.6071687206044505 0.1
1.0 12.0 12.0 -0.03442477109964681 -0.0350768782814912 0.1
1.0 12.0 12.5 0.4995308700818022 0.5535164227449316 0.1
1.0 12.0 13.0 -2.226344713468651 -1.3705871650714108 0.1
1.0 12.0 13.5 -3.1282953217320184 -4.877236849581572 0.1
1.0 12.0 14.0 -3.8612846667528924 2.538813683892287 0.1
1.0 12.0 14.5 0.9844043935189797 -1.970374279488889 0.1
1.0 12.5 0.0 -3.759178576902232 0.737886119476042 0.1
1.0 12.5 0.5 -1.6606080251195579 0.0034406598929193066 0.1
1.0 12.5 1.0 -3.673719671885163 4.878345210803834 0.1
1.0 12.5 1.5 4.76625738726241 -1.302185367232247 0.1
1.0 12.5 2.0 0.3021881373983657 3.0637703653135144 0.1
1.0 12.5 2.5 -2.520698771473006 4.6573297466319605 0.1
1.0 12.5 3.0 3.3812725006390068 2.7303576604400543 0.1
1.0 12.5 3.5 -3.3391828926140055 0.13921685702479003 0.1
1.0 12.5 4.0 -3.7858967707443414 2.362408367849226 0.1
1.0 12.5 4.5 1.6103848831151337 -3.6445151967800116 0.1
1.0 12.5 5.0 -0.4585546329796166 -0.6097328519442318 0.1
1.0 12.5 5.5 3.1267413327077556 0.531078344660644 0.1
1.0 12.5 6.0 -1.4422631864422533 -1.7702422882992086 0.1
1.0 12.5 6.5 2.978242223736471 4.066208142387177 0.1
1.0 12.5 7.0 -0.10263173318038099 -1.9040113581241105 0.1
1.0 12.5 7.5 2.069895218898563 -2.9539195448661126 0.1
1.0 12.5 8.0 4.438654509720635 4.960730513676715 0.1
1.0 12.5 8.5 1.2293771981464445 2.3588291993730426 0.1
1.0 12.5 9.0 -4.033916751737246 -4.178604802527896 0.1
1.0 12.5 9.5 2.4114229389404063 4.762529534214597 0.1
1.0 12.5 10.0 -0.8603654934736156 -3.689025477185047 0.1
1.0 12.5 10.5 3.5594098406782884 -3.6152437147994454 0.1
1.0 12.5 11.0 0.19066345757100223 4.6021250160201905 0.1
1.0 12.5 11.5 -2.6350750286114524 0.34322175206314665 0.1
1.0 12.5 12.0 0.2970463766504601 -4.455089244386924 0.1
1.0 12.5 12.5 2.7305500925095227 -1.556390552708308 0.1
1.0 12.5 13.0 4.685988988103674 -0.973449221859183 0.1
1.0 12.5 13.5 -2.131944339564893 -2.759201667275204 0.1
1.0 12.5 14.0 0.1711021018638892 -4.347163674673578 0.1
1.0 12.5 14.5 -4.3463544683389435 -0.8577508594155479 0.1
1.0 13.0 0.0 0.05105066892629928 1.0247214209428854 0.1
1.0 13.0 0.5 -4.8861495063819085 1.687401724501349 0.1
1.0 13.0 1.0 -1.9197103418628494 -2.880090791909291 0.1
1.0 13.0 1.5 -2.2698826054173624 -1.3454863385752 0.1
1.0 13.0 2.0 2.5680939487967027 -4.411908817498712 0.1
1.0 13.0 2.5 3.6270988387605385 1.2264459801230867 0.1
1.0 13.0 3.0 -2.4296938963634016 3.1298233812280944 0.1
1.0 13.0 3.5 0.6490973712802308 -3.910523007344493 0.1
1.0 13.0 4.0 0.6089162609075229 3.5528461558939206 0.1
1.0 13.0 4.5 -1.168927147417528 0.04431465289708303 0.1
1.0 13.0 5.0 -4.612201343804855 4.5859913000105355 0.1
1.0 13.0 5.5 3.835076352089379 -2.5239614034349254 0.1
1.0 13.0 6.0 3.5686314399882466 0.07964250647761073 0.1
1.0 13.0 6.5 -4.450075944260602 -2.1402020868668292 0.1
1.0 13.0 7.0 1.8292280955447868 -0.16695867132439002 0.1
1.0 13.0 7.5 2.241378576625622 -4.628340588178123 0.1
1.0 13.0 8.0 -0.8527889246676299 -0.037431244803852515 0.1
1.0 13.0 8.5 -3.6079371684157877 1.6290797323320696 0.1
1.0 13.0 9.0 4.535167074712071 -3.5385532805604125 0.1
1.0 13.0 9.5 -4.315226072362063 -4.39694284432134 0.1
1.0 13.0 10.0 -2.700883107106619 3.4001442699433184 0.1
1.0 13.0 10.5 1.459831970877202 1.8240922783607791 0.1
1.0 13.0 11.0 0.30034596223051047 -4.921904382051915 0.1
1.0 13.0 11.5 -2.5834609364185246 -0.8533305493745296 0.1
1.0 13.0 12.0 1.67133740277648 -1.6388360909174593 0.1
1.0 13.0 12.5 3.3307846768636455 -2.457956175754401 0.1
1.0 13.0 13.0 1.9697566389026928 -2.574382279666396 0.1
1.0 13.0 13.5 2.1252831873735865 -0.3432980254045255 0.1
1.0 13.0 14.0 1.8501386584387571 -1.8217915157676092 0.1
1.0 13.0 14.5 3.755884187913951 -2.7960615686050483 0.1
1.0 13.5 0.0 -0.008869925484259689 3.7332762407564175 0.1
1.0 13.5 0.5 -3.9331521214492815 -0.3514284304879487 0.1
1.0 13.5 1.0 2.2368454186627957 -4.498376389655142 0.1
1.0 13.5 1.5 1.019932824442665 4.099896615608799 0.1
1.0 13.5 2.0 0.694097288678992 -3.317757918803166 0.1
1.0 13.5 2.5 4.516594029575341 0.8455574094623062 0.1
1.0 13.5 3.0 -4.127038260947415 -3.753210484087992 0.1
1.0 13.5 3.5 -0.5904543943555094 -1.4609106292718255 0.1
1.0 13.5 4.0 -4.133651298376279 1.8680575957765537 0.1
1.0 13.5 4.5 4.239390752434346 -3.30352797406948 0.1
1.0 13.5 5.0 4.034944676413453 -0.33251494811982507 0.1
1.0 13.5 5.5 4.7339812346526635 0.8621001972054607 0.1
1.0 13.5 6.0 0.6971012556163272 -2.8568918920241195 0.1
1.0 13.5 6.5 1.1726150494471081 -2.4278332930129976 0.1
1.0 13.5 7.0 4.918945273665555 3.188166758473834 0.1
1.0 13.5 7.5 2.344140009722402 2.073525498792142 0.1
1.0 13.5 8.0 -0.3418108676113274 -4.278091203458062 0.1
1.0 13.5 8.5 -3.982521767988244 1.6486809071974982 0.1
1.0 13.5 9.0 -2.7641743342247738 3.127968687199827 0.1
1.0 13.5 9.5 -3.4049544421359466 1.3526282181420939 0.1
1.0 13.5 10.0 2.3930885648241143 0.432021755693337 0.1
1.0 13.5 10.5 2.933988849783333 -3.015148995287528 0.1
1.0 13.5 11.0 -2.9632295768385655 4.949240335461258 0.1
1.0 13.5 11.5 3.197118383906778 2.1998529138588028 0.1
1.0 13.5 12.0 4.184189066530003 -1.006583268624853 0.1
1.0 13.5 12.5 -0.965133301597958 2.8021878187839917 0.1
1.0 13.5 13.0 -1.4102038698157071 -0.8365687032218494 0.1
1.0 13.5 13.5 -1.5984426881464895 1.4770208005690213 0.1
1.0 13.5 14.0 -1.9313746226686854 2.709085496292235 0.1
1.0 13.5 14.5 4.873719083875606 0.47483993780310385 0.1
1.0 14.0 0.0 2.6274826050850466 1.527139164480305 0.1
1.0 14.0 0.5 1.465138972176394 -1.9009886100706739 0.1
1.0 14.0 1.0 -1.8270191163057503 3.449723588992219 0.1
1.0 14.0 1.5 -1.3772075038763698 -2.7625509326442623 0.1
1.0 14.0 2.0 -2.213772103660625 -1.338870931647962 0.1
1.0 14.0 2.5 -0.6602498546852411 0.6347484345842638 0.1
1.0 14.0 3.0 -3.662824752507449 -3.6847075655358417 0.1
1.0 14.0 3.5 -0.8643889066946411 -1.8812836889648188 0.1
1.0 14.0 4.0 3.557345618916033 2.725141009565223 0.1
1.0 14.0 4.5 -4.968038598608726 -4.424702665476835 0.1
1.0 14.0 5.0 -3.402150241159798 -2.14372599309769 0.1
1.0 14.0 5.5 -4.410182391869625 4.108487605165955 0.1
1.0 14.0 6.0 -4.429682580267086 1.2812946399790004 0.1
1.0 14.0 6.5 3.5779603481812465 0.5268919313717078 0.1
1.0 14.0 7.0 4.60156217782775 2.237429487479128 0.1
1.0 14.0 7.5 3.9055236819310615 -2.933828069735137 0.1
1.0 14.0 8.0 -3.4714922635857626 0.9789056394858164 0.1
1.0 14.0 8.5 2.0791510647055382 -0.9133019264172217 0.1
1.0 14.0 9.0 1.5181028672524128 0.22687668548005924 0.1
1.0 14.0 9.5 2.6344887394692247 4.378306257341137 0.1
1.0 14.0 10.0 -1.3823406244119631 -3.8064740548146183 0.1
1.0 14.0 10.5 2.7437372129181883 -3.340868345454747 0.1
1.0 14.0 11.0 4.5242464398707956 -1.6067046340356694 0.1
1.0 14.0 11.5 3.5154341867383216 -1.1269233949694977 0.1
1.0 14.0 12.0 -4.2925198704343215 -3.746980025590566 0.1
1.0 14.0 12.5 0.37959756552763935 -1.0294615679305497 0.1
1.0 14.0 13.0 -1.5717493522414405 -1.6059224380157633 0.1
1.0 14.0 13.5 4.390808542960784 1.9996120713915078 0.1
1.0 14.0 14.0 -3.8333694615135205 -2.616511426161746 0.1
1.0 14.0 14.5 -1.7162314633038358 -2.459947935330795 0.1
1.0 14.5 0.0 -4.494586764466994 -1.262769848117978 0.1
1.0 14.5 0.5 4.680316175000577 0.7798595027254249 0.1
1.0 14.5 1.0 -0.388570054190831 -1.992143810506899 0.1
1.0 14.5 1.5 -1.026154193582316 -1.1355592721626917 0.1
1.0 14.5 2.0 3.1150028808654735 3.8998465561794102 0.1
1.0 14.5 2.5 -3.8934807895798285 1.5408549926957962 0.1
1.0 14.5 3.0 3.408588495541631 -1.4700706609389913 0.1
1.0 14.5 3.5 -1.2933829823846246 -3.4252438619689043 0.1
1.0 14.5 4.0 1.1688732304059437 -1.8140422596946881 0.1
1.0 14.5 4.5 3.8678293952214116 -4.06479692214141 0.1
1.0 14.5 5.0 -2.7477171103570877 -0.7632574481116281 0.1
1.0 14.5 5.5 -2.7707615436768886 -1.6774036838596018 0.1
1.0 14.5 6.0 4.022074887948081 4.206575428869073 0.1
1.0 14.5 6.5 -4.045801794099231 -2.7424235298822106 0.1
1.0 14.5 7.0 -3.3641183086561686 2.45200276382619 0.1
1.0 14.5 7.5 -3.291730890397555 1.653794800567522 0.1
1.0 14.5 8.0 3.855776374613871 -1.6352595255604232 0.1
1.0 14.5 8.5 0.8008216093294109 -2.434950945137503 0.1
1.0 14.5 9.0 -1.4613596974998955 -2.4265547224746387 0.1
1.0 14.5 9.5 -3.7181283412020893 -4.372649452582048 0.1
1.0 14.5 10.0 -4.877192497724274 -1.771610936979815 0.1
1.0 14.5 10.5 -4.024832294417223 -1.3909265693215134 0.1
1.0 14.5 11.0 -4.85232837575822 0.1269111577778057 0.1
1.0 14.5 11.5 1.180497602578483 -2.5625928698879297 0.1
1.0 14.5 12.0 2.1261375956055675 -0.8261529085234116 0.1
1.0 14.5 12.5 3.092644317782357 2.086917880058637 0.1
1.0 14.5 13.0 3.935508431213554 -1.5300352395627659 0.1
1.0 14.5 13.5 -2.1386366893468987 -4.203900873298899 0.1
1.0 14.5 14.0 4.300599098242339 0.1827690498920571 0.1
1.0 14.5 14.5 -3.343784714385013 -2.779627517616748 0.1
